0	0.119946	-0.0107099
0.01	0.119786	-0.0214103
0.02	0.119518	-0.0320916
0.03	0.119144	-0.0427442
0.04	0.118664	-0.0533587
0.05	0.118077	-0.0639255
0.06	0.117385	-0.0744353
0.07	0.116589	-0.0848787
0.08	0.115688	-0.0952463
0.09	0.114684	-0.105529
0.1	0.113578	-0.115717
0.11	0.11237	-0.125802
0.12	0.111062	-0.135775
0.13	0.109655	-0.145627
0.14	0.10815	-0.155348
0.15	0.106548	-0.164931
0.16	0.104852	-0.174367
0.17	0.103062	-0.183647
0.18	0.101179	-0.192764
0.19	0.0992068	-0.201708
0.2	0.0971458	-0.210472
0.21	0.094998	-0.219048
0.22	0.0927655	-0.227429
0.23	0.0904501	-0.235607
0.24	0.088054	-0.243574
0.25	0.0855793	-0.251324
0.26	0.0830283	-0.25885
0.27	0.0804031	-0.266145
0.28	0.0777062	-0.273202
0.29	0.0749399	-0.280015
0.3	0.0721067	-0.286579
0.31	0.0692092	-0.292886
0.32	0.0662499	-0.298932
0.33	0.0632314	-0.304712
0.34	0.0601565	-0.310219
0.35	0.057028	-0.31545
0.36	0.0538485	-0.320399
0.37	0.0506209	-0.325062
0.38	0.0473482	-0.329434
0.39	0.0440332	-0.333513
0.4	0.0406789	-0.337294
0.41	0.0372883	-0.340774
0.42	0.0338645	-0.34395
0.43	0.0304104	-0.346819
0.44	0.0269291	-0.349378
0.45	0.0234238	-0.351626
0.46	0.0198977	-0.35356
0.47	0.0163537	-0.355178
0.48	0.0127952	-0.356479
0.49	0.00922519	-0.357462
0.5	0.00564699	-0.358125
0.51	0.00206375	-0.358469
0.52	-0.00152133	-0.358494
0.53	-0.00510506	-0.358198
0.54	-0.00868423	-0.357582
0.55	-0.0122556	-0.356648
0.56	-0.0158161	-0.355395
0.57	-0.0193625	-0.353825
0.58	-0.0228916	-0.351939
0.59	-0.0264002	-0.349739
0.6	-0.0298853	-0.347226
0.61	-0.0333437	-0.344404
0.62	-0.0367723	-0.341274
0.63	-0.0401682	-0.33784
0.64	-0.0435281	-0.334104
0.65	-0.0468493	-0.33007
0.66	-0.0501286	-0.325742
0.67	-0.0533631	-0.321123
0.68	-0.0565501	-0.316217
0.69	-0.0596865	-0.311028
0.7	-0.0627697	-0.305563
0.71	-0.0657969	-0.299824
0.72	-0.0687653	-0.293818
0.73	-0.0716724	-0.28755
0.74	-0.0745154	-0.281025
0.75	-0.077292	-0.274249
0.76	-0.0799996	-0.267228
0.77	-0.0826358	-0.259969
0.78	-0.0851982	-0.252478
0.79	-0.0876846	-0.244761
0.8	-0.0900927	-0.236826
0.81	-0.0924204	-0.22868
0.82	-0.0946656	-0.220329
0.83	-0.0968263	-0.211782
0.84	-0.0989006	-0.203046
0.85	-0.100887	-0.194128
0.86	-0.102783	-0.185037
0.87	-0.104587	-0.175782
0.88	-0.106298	-0.166369
0.89	-0.107914	-0.156808
0.9	-0.109433	-0.147106
0.91	-0.110855	-0.137274
0.92	-0.112178	-0.127319
0.93	-0.113401	-0.11725
0.94	-0.114523	-0.107077
0.95	-0.115543	-0.0968078
0.96	-0.116459	-0.0864525
0.97	-0.117271	-0.07602
0.98	-0.117979	-0.0655197
0.99	-0.118582	-0.0549608
1	-0.119078	-0.044353
1.01	-0.119469	-0.0337055
1.02	-0.119752	-0.023028
1.03	-0.119929	-0.0123299
1.04	-0.119999	-0.00162075
1.05	-0.119961	0.00908981
1.06	-0.119817	0.0197922
1.07	-0.119566	0.030477
1.08	-0.119208	0.0411346
1.09	-0.118743	0.0517554
1.1	-0.118173	0.0623301
1.11	-0.117497	0.0728491
1.12	-0.116716	0.0833031
1.13	-0.115831	0.0936828
1.14	-0.114842	0.103979
1.15	-0.113752	0.114182
1.16	-0.112559	0.124283
1.17	-0.111266	0.134274
1.18	-0.109874	0.144144
1.19	-0.108384	0.153886
1.2	-0.106797	0.163491
1.21	-0.105114	0.172949
1.22	-0.103338	0.182254
1.23	-0.10147	0.191395
1.24	-0.099511	0.200366
1.25	-0.0974632	0.209158
1.26	-0.0953285	0.217763
1.27	-0.0931086	0.226174
1.28	-0.0908057	0.234383
1.29	-0.0884217	0.242382
1.3	-0.0859587	0.250166
1.31	-0.0834191	0.257726
1.32	-0.080805	0.265056
1.33	-0.0781188	0.27215
1.34	-0.0753628	0.279
1.35	-0.0725396	0.285602
1.36	-0.0696516	0.291948
1.37	-0.0667015	0.298035
1.38	-0.0636918	0.303855
1.39	-0.0606253	0.309403
1.4	-0.0575047	0.314676
1.41	-0.0543327	0.319668
1.42	-0.0511123	0.324375
1.43	-0.0478462	0.328791
1.44	-0.0445374	0.332915
1.45	-0.0411889	0.336741
1.46	-0.0378036	0.340267
1.47	-0.0343846	0.343489
1.48	-0.0309348	0.346405
1.49	-0.0274575	0.349011
1.5	-0.0239556	0.351306
1.51	-0.0204324	0.353287
1.52	-0.0168909	0.354953
1.53	-0.0133344	0.356302
1.54	-0.00976597	0.357333
1.55	-0.00618881	0.358045
1.56	-0.00260612	0.358438
1.57	0.000978886	0.358511
1.58	0.00456302	0.358263
1.59	0.00814308	0.357696
1.6	0.0117159	0.35681
1.61	0.0152782	0.355605
1.62	0.0188269	0.354083
1.63	0.0223588	0.352244
1.64	0.0258708	0.350092
1.65	0.0293596	0.347626
1.66	0.0328222	0.344851
1.67	0.0362556	0.341768
1.68	0.0396566	0.338379
1.69	0.0430222	0.334689
1.7	0.0463494	0.3307
1.71	0.0496352	0.326416
1.72	0.0528767	0.32184
1.73	0.056071	0.316977
1.74	0.0592153	0.311831
1.75	0.0623067	0.306407
1.76	0.0653425	0.30071
1.77	0.06832	0.294744
1.78	0.0712365	0.288515
1.79	0.0740895	0.282028
1.8	0.0768763	0.27529
1.81	0.0795944	0.268306
1.82	0.0822416	0.261082
1.83	0.0848153	0.253626
1.84	0.0873133	0.245943
1.85	0.0897334	0.23804
1.86	0.0920734	0.229925
1.87	0.0943313	0.221605
1.88	0.0965049	0.213087
1.89	0.0985924	0.204379
1.9	0.100592	0.195489
1.91	0.102502	0.186424
1.92	0.10432	0.177192
1.93	0.106045	0.167803
1.94	0.107675	0.158263
1.95	0.10921	0.148583
1.96	0.110647	0.13877
1.97	0.111985	0.128833
1.98	0.113223	0.11878
1.99	0.11436	0.108622
2	0.115395	0.0983674
2.01	0.116327	0.0880245
2.02	0.117155	0.0776031
2.03	0.117879	0.0671124
2.04	0.118497	0.0565619
2.05	0.11901	0.0459608
2.06	0.119416	0.0353187
2.07	0.119716	0.0246451
2.08	0.119909	0.0139495
2.09	0.119995	0.00324146
2.1	0.119974	-0.00746949
2.11	0.119846	-0.0181738
2.12	0.119611	-0.0288618
2.13	0.119269	-0.0395241
2.14	0.11882	-0.0501512
2.15	0.118266	-0.0607334
2.16	0.117606	-0.0712615
2.17	0.116841	-0.0817259
2.18	0.115971	-0.0921174
2.19	0.114999	-0.102427
2.2	0.113923	-0.112645
2.21	0.112746	-0.122762
2.22	0.111468	-0.13277
2.23	0.110091	-0.142659
2.24	0.108616	-0.152421
2.25	0.107043	-0.162047
2.26	0.105375	-0.171528
2.27	0.103613	-0.180856
2.28	0.101759	-0.190023
2.29	0.0998132	-0.19902
2.3	0.0977787	-0.207839
2.31	0.095657	-0.216473
2.32	0.0934499	-0.224914
2.33	0.0911594	-0.233154
2.34	0.0887875	-0.241186
2.35	0.0863364	-0.249002
2.36	0.0838082	-0.256597
2.37	0.0812052	-0.263962
2.38	0.0785298	-0.271092
2.39	0.0757842	-0.27798
2.4	0.072971	-0.284619
2.41	0.0700927	-0.291005
2.42	0.0671518	-0.297131
2.43	0.0641509	-0.302991
2.44	0.0610928	-0.308581
2.45	0.0579802	-0.313896
2.46	0.0548158	-0.318931
2.47	0.0516025	-0.323681
2.48	0.0483432	-0.328142
2.49	0.0450407	-0.33231
2.5	0.041698	-0.336182
2.51	0.0383181	-0.339753
2.52	0.0349039	-0.343021
2.53	0.0314586	-0.345983
2.54	0.0279853	-0.348637
2.55	0.024487	-0.350979
2.56	0.0209668	-0.353008
2.57	0.0174279	-0.354721
2.58	0.0138734	-0.356118
2.59	0.0103065	-0.357198
2.6	0.0067305	-0.357958
2.61	0.00314844	-0.358399
2.62	-0.000436419	-0.35852
2.63	-0.00402089	-0.358321
2.64	-0.00760178	-0.357802
2.65	-0.0111759	-0.356964
2.66	-0.01474	-0.355808
2.67	-0.018291	-0.354333
2.68	-0.0218256	-0.352543
2.69	-0.0253408	-0.350437
2.7	-0.0288333	-0.348019
2.71	-0.0323001	-0.345291
2.72	-0.0357381	-0.342254
2.73	-0.0391442	-0.338911
2.74	-0.0425153	-0.335267
2.75	-0.0458485	-0.331322
2.76	-0.0491408	-0.327083
2.77	-0.0523892	-0.322551
2.78	-0.0555908	-0.317731
2.79	-0.0587429	-0.312628
2.8	-0.0618425	-0.307246
2.81	-0.0648869	-0.301589
2.82	-0.0678734	-0.295663
2.83	-0.0707993	-0.289474
2.84	-0.073662	-0.283026
2.85	-0.0764589	-0.276325
2.86	-0.0791877	-0.269378
2.87	-0.0818457	-0.26219
2.88	-0.0844307	-0.254769
2.89	-0.0869403	-0.24712
2.9	-0.0893723	-0.23925
2.91	-0.0917246	-0.231167
2.92	-0.093995	-0.222877
2.93	-0.0961815	-0.214389
2.94	-0.0982821	-0.205709
2.95	-0.100295	-0.196845
2.96	-0.102218	-0.187806
2.97	-0.104051	-0.1786
2.98	-0.10579	-0.169233
2.99	-0.107435	-0.159716
3	-0.108984	-0.150056
3.01	-0.110435	-0.140263
3.02	-0.111789	-0.130344
3.03	-0.113042	-0.120308
3.04	-0.114194	-0.110166
3.05	-0.115245	-0.0999249
3.06	-0.116193	-0.0895948
3.07	-0.117037	-0.0791846
3.08	-0.117776	-0.0687039
3.09	-0.11841	-0.0581617
3.1	-0.118939	-0.0475677
3.11	-0.119362	-0.0369312
3.12	-0.119678	-0.0262618
3.13	-0.119887	-0.0155689
3.14	-0.119989	-0.00486211
3.15	-0.119984	0.00584902
3.16	-0.119872	0.0165549
3.17	-0.119653	0.027246
3.18	-0.119327	0.0379129
3.19	-0.118895	0.0485458
3.2	-0.118356	0.0591355
3.21	-0.117712	0.0696723
3.22	-0.116963	0.080147
3.23	-0.11611	0.0905501
3.24	-0.115152	0.100872
3.25	-0.114092	0.111105
3.26	-0.112931	0.121238
3.27	-0.111668	0.131263
3.28	-0.110306	0.14117
3.29	-0.108845	0.150952
3.3	-0.107287	0.160599
3.31	-0.105634	0.170103
3.32	-0.103886	0.179455
3.33	-0.102045	0.188646
3.34	-0.100113	0.19767
3.35	-0.0980922	0.206516
3.36	-0.0959836	0.215179
3.37	-0.0937893	0.223649
3.38	-0.0915112	0.23192
3.39	-0.0891515	0.239984
3.4	-0.0867123	0.247834
3.41	-0.0841956	0.255462
3.42	-0.0816038	0.262863
3.43	-0.0789391	0.270028
3.44	-0.076204	0.276953
3.45	-0.0734009	0.283631
3.46	-0.0705323	0.290055
3.47	-0.0676007	0.296221
3.48	-0.0646087	0.302122
3.49	-0.0615591	0.307753
3.5	-0.0584546	0.31311
3.51	-0.0552979	0.318187
3.52	-0.0520918	0.322981
3.53	-0.0488392	0.327486
3.54	-0.045543	0.331698
3.55	-0.0422062	0.335615
3.56	-0.0388317	0.339232
3.57	-0.0354226	0.342546
3.58	-0.0319818	0.345555
3.59	-0.0285125	0.348255
3.6	-0.0250178	0.350644
3.61	-0.0215007	0.352721
3.62	-0.0179644	0.354482
3.63	-0.0144121	0.355927
3.64	-0.0108469	0.357055
3.65	-0.00727205	0.357864
3.66	-0.0036907	0.358353
3.67	-0.000106057	0.358522
3.68	0.00347868	0.358372
3.69	0.00706031	0.357901
3.7	0.0106356	0.357112
3.71	0.0142015	0.356003
3.72	0.0177546	0.354577
3.73	0.021292	0.352834
3.74	0.0248103	0.350776
3.75	0.0283064	0.348405
3.76	0.0317773	0.345723
3.77	0.0352199	0.342733
3.78	0.038631	0.339437
3.79	0.0420076	0.335837
3.8	0.0453467	0.331938
3.81	0.0486454	0.327743
3.82	0.0519006	0.323255
3.83	0.0551095	0.318479
3.84	0.0582692	0.313418
3.85	0.061377	0.308078
3.86	0.0644299	0.302462
3.87	0.0674253	0.296577
3.88	0.0703605	0.290427
3.89	0.073233	0.284018
3.9	0.0760401	0.277355
3.91	0.0787793	0.270445
3.92	0.0814481	0.263293
3.93	0.0840443	0.255906
3.94	0.0865655	0.248291
3.95	0.0890094	0.240455
3.96	0.0913739	0.232403
3.97	0.0936568	0.224144
3.98	0.0958561	0.215686
3.99	0.0979699	0.207034
4	0.0999962	0.198198
4.01	0.101933	0.189185
4.02	0.103779	0.180003
4.03	0.105533	0.17066
4.04	0.107192	0.161166
4.05	0.108756	0.151527
4.06	0.110222	0.141753
4.07	0.11159	0.131852
4.08	0.112859	0.121834
4.09	0.114027	0.111707
4.1	0.115093	0.10148
4.11	0.116056	0.0911632
4.12	0.116916	0.0807646
4.13	0.117671	0.0702939
4.14	0.118321	0.0597604
4.15	0.118866	0.0491736
4.16	0.119305	0.038543
4.17	0.119637	0.0278779
4.18	0.119862	0.0171879
4.19	0.11998	0.00648265
4.2	0.119992	-0.00422843
4.21	0.119896	-0.0149357
4.22	0.119693	-0.0256297
4.23	0.119383	-0.0363008
4.24	0.118967	-0.0469395
4.25	0.118445	-0.0575363
4.26	0.117817	-0.0680818
4.27	0.117083	-0.0785664
4.28	0.116245	-0.088981
4.29	0.115304	-0.0993161
4.3	0.114259	-0.109563
4.31	0.113113	-0.119711
4.32	0.111866	-0.129753
4.33	0.110518	-0.139679
4.34	0.109072	-0.149481
4.35	0.107529	-0.159149
4.36	0.10589	-0.168674
4.37	0.104156	-0.17805
4.38	0.102329	-0.187266
4.39	0.100411	-0.196315
4.4	0.0984037	-0.205189
4.41	0.0963082	-0.21388
4.42	0.0941267	-0.22238
4.43	0.0918612	-0.230682
4.44	0.0895137	-0.238778
4.45	0.0870864	-0.24666
4.46	0.0845813	-0.254322
4.47	0.0820007	-0.261758
4.48	0.0793469	-0.268959
4.49	0.0766223	-0.275921
4.5	0.0738293	-0.282636
4.51	0.0709704	-0.2891
4.52	0.0680482	-0.295305
4.53	0.0650652	-0.301246
4.54	0.0620242	-0.306919
4.55	0.0589277	-0.312317
4.56	0.0557787	-0.317437
4.57	0.0525799	-0.322274
4.58	0.0493342	-0.326823
4.59	0.0460445	-0.33108
4.6	0.0427136	-0.335042
4.61	0.0393446	-0.338704
4.62	0.0359405	-0.342065
4.63	0.0325044	-0.34512
4.64	0.0290392	-0.347867
4.65	0.0255481	-0.350303
4.66	0.0220342	-0.352427
4.67	0.0185006	-0.354236
4.68	0.0149505	-0.355729
4.69	0.0113871	-0.356905
4.7	0.00781345	-0.357762
4.71	0.00423288	-0.358299
4.72	0.000648531	-0.358517
4.73	-0.0029364	-0.358415
4.74	-0.00651871	-0.357993
4.75	-0.0100952	-0.357252
4.76	-0.0136627	-0.356191
4.77	-0.017218	-0.354813
4.78	-0.0207579	-0.353118
4.79	-0.0242793	-0.351108
4.8	-0.027779	-0.348784
4.81	-0.0312539	-0.346149
4.82	-0.0347009	-0.343205
4.83	-0.038117	-0.339955
4.84	-0.041499	-0.336401
4.85	-0.044844	-0.332547
4.86	-0.048149	-0.328397
4.87	-0.051411	-0.323953
4.88	-0.0546271	-0.31922
4.89	-0.0577944	-0.314202
4.9	-0.0609102	-0.308904
4.91	-0.0639716	-0.30333
4.92	-0.0669759	-0.297485
4.93	-0.0699204	-0.291374
4.94	-0.0728025	-0.285004
4.95	-0.0756196	-0.278379
4.96	-0.0783692	-0.271506
4.97	-0.0810489	-0.26439
4.98	-0.0836563	-0.257039
4.99	-0.0861889	-0.249458
5	-0.0886447	-0.241654
5.01	-0.0910213	-0.233635
5.02	-0.0933167	-0.225407
5.03	-0.0955288	-0.216978
5.04	-0.0976556	-0.208355
5.05	-0.0996953	-0.199547
5.06	-0.101646	-0.19056
5.07	-0.103506	-0.181403
5.08	-0.105273	-0.172084
5.09	-0.106947	-0.162612
5.1	-0.108525	-0.152994
5.11	-0.110006	-0.14324
5.12	-0.11139	-0.133358
5.13	-0.112673	-0.123357
5.14	-0.113856	-0.113246
5.15	-0.114938	-0.103034
5.16	-0.115917	-0.0927297
5.17	-0.116792	-0.0823428
5.18	-0.117563	-0.0718824
5.19	-0.11823	-0.0613579
5.2	-0.11879	-0.0507786
5.21	-0.119245	-0.0401539
5.22	-0.119593	-0.0294935
5.23	-0.119835	-0.0188067
5.24	-0.119969	-0.00810307
5.25	-0.119997	0.00260775
5.26	-0.119917	0.0133162
5.27	-0.119731	0.0240128
5.28	-0.119437	0.034688
5.29	-0.119037	0.0453322
5.3	-0.118531	0.055936
5.31	-0.117918	0.0664898
5.32	-0.117201	0.0769843
5.33	-0.116379	0.0874101
5.34	-0.115453	0.0977578
5.35	-0.114424	0.108018
5.36	-0.113293	0.118182
5.37	-0.112061	0.128241
5.38	-0.110728	0.138185
5.39	-0.109297	0.148006
5.4	-0.107769	0.157695
5.41	-0.106144	0.167243
5.42	-0.104424	0.176641
5.43	-0.102612	0.185882
5.44	-0.100707	0.194957
5.45	-0.0987131	0.203858
5.46	-0.0966308	0.212577
5.47	-0.0944622	0.221107
5.48	-0.0922093	0.229439
5.49	-0.0898741	0.237566
5.5	-0.0874587	0.245481
5.51	-0.0849652	0.253177
5.52	-0.0823959	0.260648
5.53	-0.0797531	0.267885
5.54	-0.077039	0.274883
5.55	-0.0742562	0.281636
5.56	-0.0714071	0.288138
5.57	-0.0684943	0.294382
5.58	-0.0655203	0.300364
5.59	-0.0624879	0.306078
5.6	-0.0593997	0.311518
5.61	-0.0562585	0.316681
5.62	-0.053067	0.32156
5.63	-0.0498282	0.326153
5.64	-0.0465449	0.330455
5.65	-0.0432201	0.334461
5.66	-0.0398567	0.338169
5.67	-0.0364577	0.341576
5.68	-0.0330262	0.344677
5.69	-0.0295652	0.347471
5.7	-0.0260778	0.349954
5.71	-0.0225672	0.352126
5.72	-0.0190364	0.353983
5.73	-0.0154886	0.355524
5.74	-0.011927	0.356747
5.75	-0.0083547	0.357653
5.76	-0.00477498	0.358239
5.77	-0.00119099	0.358505
5.78	0.00239406	0.358451
5.79	0.00597697	0.358078
5.8	0.00955454	0.357384
5.81	0.0131236	0.356372
5.82	0.0166809	0.355042
5.83	0.0202234	0.353395
5.84	0.0237478	0.351432
5.85	0.027251	0.349156
5.86	0.0307298	0.346568
5.87	0.0341813	0.34367
5.88	0.0376022	0.340466
5.89	0.0409896	0.336958
5.9	0.0443404	0.33315
5.91	0.0476516	0.329044
5.92	0.0509203	0.324644
5.93	0.0541435	0.319954
5.94	0.0573184	0.314979
5.95	0.0604422	0.309723
5.96	0.063512	0.304191
5.97	0.0665251	0.298386
5.98	0.0694788	0.292316
5.99	0.0723705	0.285984
6	0.0751976	0.279398
6.01	0.0779576	0.272562
6.02	0.0806481	0.265482
6.03	0.0832665	0.258166
6.04	0.0858106	0.250619
6.05	0.0882781	0.242849
6.06	0.0906669	0.234862
6.07	0.0929747	0.226665
6.08	0.0951995	0.218266
6.09	0.0973393	0.209672
6.1	0.0993923	0.200891
6.11	0.101357	0.191931
6.12	0.10323	0.182799
6.13	0.105012	0.173504
6.14	0.1067	0.164054
6.15	0.108293	0.154458
6.16	0.109789	0.144724
6.17	0.111187	0.134861
6.18	0.112485	0.124878
6.19	0.113684	0.114783
6.2	0.114781	0.104585
6.21	0.115775	0.0942944
6.22	0.116666	0.0839194
6.23	0.117453	0.0734695
6.24	0.118136	0.0629541
6.25	0.118712	0.0523825
6.26	0.119183	0.0417641
6.27	0.119547	0.0311084
6.28	0.119805	0.020425
6.29	0.119956	0.00972332
6.3	0.12	-0.00098702
6.31	0.119936	-0.0116965
6.32	0.119766	-0.0223955
6.33	0.119488	-0.0330745
6.34	0.119104	-0.043724
6.35	0.118614	-0.0543345
6.36	0.118018	-0.0648965
6.37	0.117316	-0.0754006
6.38	0.11651	-0.0858373
6.39	0.1156	-0.0961975
6.4	0.114586	-0.106472
6.41	0.113471	-0.116651
6.42	0.112254	-0.126726
6.43	0.110936	-0.136688
6.44	0.10952	-0.146528
6.45	0.108006	-0.156237
6.46	0.106396	-0.165807
6.47	0.104691	-0.175229
6.48	0.102892	-0.184494
6.49	0.101001	-0.193595
6.5	0.0990206	-0.202523
6.51	0.0969515	-0.21127
6.52	0.0947958	-0.219829
6.53	0.0925555	-0.228191
6.54	0.0902327	-0.23635
6.55	0.0878292	-0.244298
6.56	0.0853474	-0.252027
6.57	0.0827895	-0.259532
6.58	0.0801576	-0.266805
6.59	0.0774541	-0.27384
6.6	0.0746816	-0.280631
6.61	0.0718424	-0.287171
6.62	0.068939	-0.293454
6.63	0.0659742	-0.299476
6.64	0.0629504	-0.305231
6.65	0.0598705	-0.310713
6.66	0.0567371	-0.315917
6.67	0.053553	-0.32084
6.68	0.0503212	-0.325477
6.69	0.0470445	-0.329823
6.7	0.0437257	-0.333874
6.71	0.040368	-0.337628
6.72	0.0369742	-0.34108
6.73	0.0335474	-0.344227
6.74	0.0300907	-0.347068
6.75	0.0266071	-0.349599
6.76	0.0230997	-0.351817
6.77	0.0195718	-0.353722
6.78	0.0160264	-0.355311
6.79	0.0124666	-0.356583
6.8	0.00889577	-0.357536
6.81	0.00531697	-0.35817
6.82	0.00173343	-0.358485
6.83	-0.00185166	-0.35848
6.84	-0.0054351	-0.358155
6.85	-0.00901369	-0.35751
6.86	-0.0125842	-0.356546
6.87	-0.0161435	-0.355263
6.88	-0.0196884	-0.353664
6.89	-0.0232158	-0.351749
6.9	-0.0267224	-0.34952
6.91	-0.0302051	-0.346979
6.92	-0.0336609	-0.344128
6.93	-0.0370867	-0.340971
6.94	-0.0404793	-0.337509
6.95	-0.0438358	-0.333745
6.96	-0.0471532	-0.329684
6.97	-0.0504285	-0.325328
6.98	-0.0536588	-0.320682
6.99	-0.0568412	-0.31575
7	-0.0599729	-0.310536
7.01	-0.063051	-0.305045
7.02	-0.0660729	-0.299282
7.03	-0.0690358	-0.293251
7.04	-0.0719371	-0.286959
7.05	-0.0747741	-0.280411
7.06	-0.0775444	-0.273612
7.07	-0.0802455	-0.266569
7.08	-0.082875	-0.259288
7.09	-0.0854305	-0.251776
7.1	-0.0879098	-0.244039
7.11	-0.0903106	-0.236084
7.12	-0.0926308	-0.227919
7.13	-0.0948683	-0.21955
7.14	-0.0970211	-0.210985
7.15	-0.0990873	-0.202231
7.16	-0.101065	-0.193298
7.17	-0.102953	-0.184191
7.18	-0.104748	-0.174921
7.19	-0.106451	-0.165494
7.2	-0.108058	-0.155919
7.21	-0.109569	-0.146206
7.22	-0.110981	-0.136361
7.23	-0.112295	-0.126396
7.24	-0.113509	-0.116317
7.25	-0.114621	-0.106134
7.26	-0.115631	-0.0958571
7.27	-0.116538	-0.0854943
7.28	-0.117341	-0.0750551
7.29	-0.118039	-0.064549
7.3	-0.118632	-0.0539853
7.31	-0.119119	-0.0433734
7.32	-0.119499	-0.0327227
7.33	-0.119773	-0.0220429
7.34	-0.11994	-0.0113434
7.35	-0.12	-0.00063373
7.36	-0.119953	0.0100765
7.37	-0.119798	0.0207777
7.38	-0.119537	0.0314604
7.39	-0.119169	0.0421149
7.4	-0.118695	0.0527319
7.41	-0.118115	0.0633019
7.42	-0.117429	0.0738153
7.43	-0.116639	0.0842628
7.44	-0.115744	0.0946352
7.45	-0.114746	0.104923
7.46	-0.113646	0.115117
7.47	-0.112444	0.125209
7.48	-0.111142	0.135188
7.49	-0.109741	0.145047
7.5	-0.108242	0.154777
7.51	-0.106646	0.164368
7.52	-0.104955	0.173813
7.53	-0.10317	0.183103
7.54	-0.101293	0.192229
7.55	-0.099326	0.201184
7.56	-0.0972701	0.209959
7.57	-0.0951275	0.218546
7.58	-0.0928999	0.226939
7.59	-0.0905894	0.235129
7.6	-0.088198	0.243109
7.61	-0.0857279	0.250872
7.62	-0.0831813	0.258411
7.63	-0.0805605	0.26572
7.64	-0.0778677	0.272791
7.65	-0.0751054	0.279619
7.66	-0.0722761	0.286197
7.67	-0.0693823	0.29252
7.68	-0.0664266	0.298582
7.69	-0.0634116	0.304377
7.7	-0.06034	0.309901
7.71	-0.0572145	0.315148
7.72	-0.054038	0.320114
7.73	-0.0508132	0.324794
7.74	-0.047543	0.329184
7.75	-0.0442305	0.33328
7.76	-0.0408784	0.337079
7.77	-0.0374899	0.340577
7.78	-0.0340679	0.343771
7.79	-0.0306155	0.346658
7.8	-0.0271358	0.349236
7.81	-0.0236318	0.351502
7.82	-0.0201068	0.353454
7.83	-0.0165638	0.355091
7.84	-0.013006	0.356411
7.85	-0.00943666	0.357412
7.86	-0.00585886	0.358095
7.87	-0.00227583	0.358458
7.88	0.00130923	0.358501
7.89	0.00489313	0.358224
7.9	0.00847265	0.357628
7.91	0.0120446	0.356712
7.92	0.0156058	0.355478
7.93	0.0191531	0.353926
7.94	0.0226833	0.352059
7.95	0.0261933	0.349877
7.96	0.0296798	0.347384
7.97	0.0331399	0.34458
7.98	0.0365704	0.341468
7.99	0.0399682	0.338052
8	0.0433304	0.334334
8.01	0.0466539	0.330317
8.02	0.0499358	0.326006
8.03	0.0531731	0.321404
8.04	0.0563629	0.316515
8.05	0.0595024	0.311343
8.06	0.0625888	0.305894
8.07	0.0656194	0.300171
8.08	0.0685914	0.294181
8.09	0.0715021	0.287928
8.1	0.0743491	0.281418
8.11	0.0771296	0.274656
8.12	0.0798414	0.26765
8.13	0.0824818	0.260405
8.14	0.0850487	0.252927
8.15	0.0875396	0.245224
8.16	0.0899524	0.237301
8.17	0.092285	0.229167
8.18	0.0945351	0.220829
8.19	0.0967009	0.212293
8.2	0.0987803	0.203568
8.21	0.100772	0.194661
8.22	0.102673	0.18558
8.23	0.104483	0.176334
8.24	0.106199	0.16693
8.25	0.107821	0.157377
8.26	0.109346	0.147684
8.27	0.110774	0.137859
8.28	0.112103	0.127911
8.29	0.113332	0.117849
8.3	0.11446	0.107681
8.31	0.115485	0.0974178
8.32	0.116408	0.0870674
8.33	0.117226	0.0766392
8.34	0.11794	0.0661426
8.35	0.118549	0.055587
8.36	0.119052	0.0449818
8.37	0.119448	0.0343364
8.38	0.119738	0.0236603
8.39	0.119922	0.0129632
8.4	0.119998	0.00225447
8.41	0.119967	-0.00845627
8.42	0.119829	-0.0191595
8.43	0.119583	-0.0298455
8.44	0.119232	-0.040505
8.45	0.118774	-0.0511283
8.46	0.118209	-0.0617059
8.47	0.11754	-0.0722285
8.48	0.116765	-0.0826866
8.49	0.115886	-0.0930709
8.5	0.114904	-0.103372
8.51	0.113819	-0.113581
8.52	0.112633	-0.123689
8.53	0.111346	-0.133686
8.54	0.109959	-0.143564
8.55	0.108475	-0.153314
8.56	0.106893	-0.162926
8.57	0.105217	-0.172394
8.58	0.103446	-0.181707
8.59	0.101583	-0.190859
8.6	0.0996294	-0.19984
8.61	0.0975868	-0.208643
8.62	0.0954572	-0.217259
8.63	0.0932423	-0.225682
8.64	0.0909442	-0.233903
8.65	0.0885649	-0.241915
8.66	0.0861066	-0.249712
8.67	0.0835714	-0.257285
8.68	0.0809617	-0.264629
8.69	0.0782797	-0.271737
8.7	0.0755278	-0.278602
8.71	0.0727085	-0.285218
8.72	0.0698242	-0.29158
8.73	0.0668777	-0.297682
8.74	0.0638715	-0.303518
8.75	0.0608083	-0.309083
8.76	0.0576908	-0.314372
8.77	0.0545218	-0.319381
8.78	0.0513041	-0.324104
8.79	0.0480406	-0.328538
8.8	0.0447343	-0.332679
8.81	0.041388	-0.336523
8.82	0.0380048	-0.340067
8.83	0.0345877	-0.343307
8.84	0.0311397	-0.346241
8.85	0.0276639	-0.348866
8.86	0.0241634	-0.351179
8.87	0.0206414	-0.353179
8.88	0.0171009	-0.354863
8.89	0.0135452	-0.356231
8.9	0.00997736	-0.357281
8.91	0.00640063	-0.358012
8.92	0.00281818	-0.358424
8.93	-0.000766778	-0.358515
8.94	-0.00435105	-0.358287
8.95	-0.00793145	-0.357739
8.96	-0.0115048	-0.356871
8.97	-0.0150678	-0.355685
8.98	-0.0186174	-0.354181
8.99	-0.0221504	-0.352362
9	-0.0256636	-0.350228
9.01	-0.0291539	-0.347781
9.02	-0.0326182	-0.345024
9.03	-0.0360533	-0.341959
9.04	-0.0394563	-0.338588
9.05	-0.0428241	-0.334916
9.06	-0.0461536	-0.330944
9.07	-0.049442	-0.326677
9.08	-0.0526862	-0.322119
9.09	-0.0558834	-0.317273
9.1	-0.0590307	-0.312144
9.11	-0.0621254	-0.306736
9.12	-0.0651645	-0.301054
9.13	-0.0681455	-0.295104
9.14	-0.0710657	-0.28889
9.15	-0.0739225	-0.282419
9.16	-0.0767133	-0.275695
9.17	-0.0794356	-0.268726
9.18	-0.082087	-0.261516
9.19	-0.0846651	-0.254073
9.2	-0.0871677	-0.246404
9.21	-0.0895925	-0.238514
9.22	-0.0919373	-0.230411
9.23	-0.0942	-0.222103
9.24	-0.0963787	-0.213597
9.25	-0.0984713	-0.2049
9.26	-0.100476	-0.19602
9.27	-0.102391	-0.186965
9.28	-0.104215	-0.177743
9.29	-0.105945	-0.168363
9.3	-0.107582	-0.158832
9.31	-0.109122	-0.149159
9.32	-0.110564	-0.139354
9.33	-0.111908	-0.129424
9.34	-0.113152	-0.119378
9.35	-0.114295	-0.109226
9.36	-0.115337	-0.0989766
9.37	-0.116275	-0.0886387
9.38	-0.117109	-0.0782217
9.39	-0.117839	-0.0677349
9.4	-0.118464	-0.0571876
9.41	-0.118982	-0.0465892
9.42	-0.119395	-0.0359493
9.43	-0.119701	-0.0252773
9.44	-0.119901	-0.0145827
9.45	-0.119993	-0.00387516
9.46	-0.119978	0.00683588
9.47	-0.119856	0.0175408
9.48	-0.119627	0.0282301
9.49	-0.119292	0.0388942
9.5	-0.11885	0.0495236
9.51	-0.118301	0.0601087
9.52	-0.117648	0.0706403
9.53	-0.116889	0.0811087
9.54	-0.116026	0.0915048
9.55	-0.115059	0.101819
9.56	-0.11399	0.112043
9.57	-0.112819	0.122166
9.58	-0.111547	0.132181
9.59	-0.110175	0.142077
9.6	-0.108706	0.151847
9.61	-0.107139	0.161481
9.62	-0.105476	0.170971
9.63	-0.10372	0.180308
9.64	-0.101871	0.189485
9.65	-0.0999308	0.198492
9.66	-0.0979015	0.207322
9.67	-0.0957849	0.215968
9.68	-0.0935828	0.22442
9.69	-0.0912972	0.232672
9.7	-0.0889301	0.240716
9.71	-0.0864836	0.248546
9.72	-0.0839599	0.256154
9.73	-0.0813613	0.263533
9.74	-0.07869	0.270677
9.75	-0.0759485	0.277579
9.76	-0.0731393	0.284233
9.77	-0.0702647	0.290634
9.78	-0.0673275	0.296776
9.79	-0.0643301	0.302652
9.8	-0.0612753	0.308258
9.81	-0.0581658	0.31359
9.82	-0.0550045	0.318641
9.83	-0.051794	0.323408
9.84	-0.0485373	0.327886
9.85	-0.0452372	0.332072
9.86	-0.0418968	0.335961
9.87	-0.038519	0.33955
9.88	-0.0351068	0.342836
9.89	-0.0316633	0.345817
9.9	-0.0281915	0.348488
9.91	-0.0246946	0.350849
9.92	-0.0211756	0.352896
9.93	-0.0176377	0.354629
9.94	-0.0140841	0.356045
9.95	-0.0105179	0.357143
9.96	-0.00694227	0.357922
9.97	-0.00336048	0.358382
9.98	0.000224306	0.358522
9.99	0.00380889	0.358342
10	0.00739008	0.357842
10.01	0.0109647	0.357023
10.02	0.0145295	0.355885
10.03	0.0180813	0.354429
10.04	0.021617	0.352657
10.05	0.0251334	0.350571
10.06	0.0286274	0.348171
10.07	0.0320958	0.345461
10.08	0.0355356	0.342442
10.09	0.0389436	0.339118
10.1	0.0423169	0.335491
10.11	0.0456524	0.331564
10.12	0.0489472	0.327342
10.13	0.0521983	0.322827
10.14	0.0554028	0.318024
10.15	0.0585578	0.312938
10.16	0.0616606	0.307572
10.17	0.0647083	0.301931
10.18	0.0676983	0.296021
10.19	0.0706279	0.289847
10.2	0.0734944	0.283414
10.21	0.0762953	0.276729
10.22	0.0790282	0.269796
10.23	0.0816904	0.262622
10.24	0.0842798	0.255214
10.25	0.086794	0.247578
10.26	0.0892307	0.239722
10.27	0.0915877	0.231651
10.28	0.093863	0.223373
10.29	0.0960545	0.214896
10.3	0.0981603	0.206228
10.31	0.100178	0.197375
10.32	0.102107	0.188346
10.33	0.103945	0.179149
10.34	0.10569	0.169792
10.35	0.10734	0.160283
10.36	0.108895	0.150632
10.37	0.110352	0.140846
10.38	0.111711	0.130934
10.39	0.112971	0.120905
10.4	0.114129	0.110769
10.41	0.115186	0.100533
10.42	0.116139	0.0902082
10.43	0.11699	0.0798026
10.44	0.117735	0.0693257
10.45	0.118376	0.058787
10.46	0.118911	0.0481958
10.47	0.11934	0.0375615
10.48	0.119662	0.0268938
10.49	0.119877	0.016202
10.5	0.119986	0.00549577
10.51	0.119987	-0.00521536
10.52	0.119882	-0.0159218
10.53	0.119669	-0.0266141
10.54	0.119349	-0.0372826
10.55	0.118923	-0.0479179
10.56	0.118391	-0.0585103
10.57	0.117753	-0.0690506
10.58	0.11701	-0.0795292
10.59	0.116163	-0.0899368
10.6	0.115212	-0.100264
10.61	0.114158	-0.110502
10.62	0.113002	-0.120641
10.63	0.111746	-0.130673
10.64	0.110389	-0.140588
10.65	0.108934	-0.150377
10.66	0.107382	-0.160032
10.67	0.105734	-0.169545
10.68	0.103992	-0.178906
10.69	0.102156	-0.188107
10.7	0.10023	-0.197141
10.71	0.0982142	-0.205998
10.72	0.0961107	-0.214672
10.73	0.0939214	-0.223154
10.74	0.0916483	-0.231437
10.75	0.0892934	-0.239513
10.76	0.0868588	-0.247375
10.77	0.0843466	-0.255017
10.78	0.0817592	-0.262431
10.79	0.0790988	-0.269611
10.8	0.0763678	-0.27655
10.81	0.0735686	-0.283243
10.82	0.0707038	-0.289682
10.83	0.0677758	-0.295863
10.84	0.0647874	-0.30178
10.85	0.0617411	-0.307428
10.86	0.0586397	-0.312801
10.87	0.055486	-0.317895
10.88	0.0522828	-0.322705
10.89	0.0490329	-0.327227
10.9	0.0457392	-0.331457
10.91	0.0424047	-0.335392
10.92	0.0390324	-0.339027
10.93	0.0356252	-0.342359
10.94	0.0321862	-0.345386
10.95	0.0287185	-0.348104
10.96	0.0252252	-0.350512
10.97	0.0217093	-0.352607
10.98	0.0181741	-0.354387
10.99	0.0146226	-0.355851
11	0.0110581	-0.356997
11.01	0.00748376	-0.357825
11.02	0.00390271	-0.358333
11.03	0.000318171	-0.358521
11.04	-0.00326665	-0.35839
11.05	-0.00684856	-0.357938
11.06	-0.0104243	-0.357167
11.07	-0.0139908	-0.356077
11.08	-0.0175448	-0.35467
11.09	-0.0210832	-0.352946
11.1	-0.0246027	-0.350907
11.11	-0.0281003	-0.348554
11.12	-0.0315727	-0.345891
11.13	-0.035017	-0.342918
11.14	-0.0384301	-0.33964
11.15	-0.0418088	-0.336059
11.16	-0.0451503	-0.332177
11.17	-0.0484514	-0.327999
11.18	-0.0517093	-0.323529
11.19	-0.054921	-0.318769
11.2	-0.0580837	-0.313725
11.21	-0.0611946	-0.308401
11.22	-0.0642508	-0.302802
11.23	-0.0672497	-0.296933
11.24	-0.0701886	-0.290798
11.25	-0.0730648	-0.284404
11.26	-0.0758758	-0.277756
11.27	-0.0786191	-0.27086
11.28	-0.0812922	-0.263723
11.29	-0.0838928	-0.25635
11.3	-0.0864185	-0.248748
11.31	-0.088867	-0.240924
11.32	-0.0912362	-0.232885
11.33	-0.093524	-0.224639
11.34	-0.0957283	-0.216191
11.35	-0.0978472	-0.207551
11.36	-0.0998788	-0.198726
11.37	-0.101821	-0.189723
11.38	-0.103673	-0.180551
11.39	-0.105432	-0.171218
11.4	-0.107096	-0.161731
11.41	-0.108666	-0.152101
11.42	-0.110138	-0.142335
11.43	-0.111512	-0.132441
11.44	-0.112786	-0.12243
11.45	-0.11396	-0.112309
11.46	-0.115032	-0.102088
11.47	-0.116002	-0.0917759
11.48	-0.116868	-0.0813819
11.49	-0.117629	-0.0709152
11.5	-0.118286	-0.0603852
11.51	-0.118837	-0.0498013
11.52	-0.119282	-0.039173
11.53	-0.11962	-0.0285097
11.54	-0.119852	-0.0178209
11.55	-0.119976	-0.00711627
11.56	-0.119994	0.00359473
11.57	-0.119904	0.0143025
11.58	-0.119708	0.0249976
11.59	-0.119405	0.0356703
11.6	-0.118995	0.0463112
11.61	-0.118479	0.0569107
11.62	-0.117857	0.0674595
11.63	-0.11713	0.077948
11.64	-0.116298	0.088367
11.65	-0.115362	0.098707
11.66	-0.114324	0.108959
11.67	-0.113184	0.119114
11.68	-0.111942	0.129162
11.69	-0.110601	0.139095
11.7	-0.109161	0.148904
11.71	-0.107623	0.15858
11.72	-0.105989	0.168115
11.73	-0.104261	0.177499
11.74	-0.10244	0.186725
11.75	-0.100527	0.195785
11.76	-0.0985249	0.204669
11.77	-0.0964346	0.213371
11.78	-0.0942581	0.221883
11.79	-0.0919976	0.230196
11.8	-0.0896549	0.238304
11.81	-0.0872322	0.2462
11.82	-0.0847316	0.253875
11.83	-0.0821554	0.261324
11.84	-0.0795059	0.26854
11.85	-0.0767854	0.275516
11.86	-0.0739964	0.282246
11.87	-0.0711413	0.288724
11.88	-0.0682228	0.294945
11.89	-0.0652433	0.300902
11.9	-0.0622056	0.306591
11.91	-0.0591124	0.312006
11.92	-0.0559665	0.317142
11.93	-0.0527705	0.321996
11.94	-0.0495275	0.326562
11.95	-0.0462403	0.330836
11.96	-0.0429118	0.334815
11.97	-0.039545	0.338496
11.98	-0.0361429	0.341874
11.99	-0.0327085	0.344947
12	-0.0292449	0.347713
12.01	-0.0257553	0.350168
12.02	-0.0222426	0.35231
12.03	-0.0187101	0.354138
12.04	-0.0151609	0.35565
12.05	-0.0115982	0.356844
12.06	-0.0080251	0.35772
12.07	-0.00444486	0.358276
12.08	-0.000860641	0.358513
12.09	0.00272434	0.35843
12.1	0.00630689	0.358027
12.11	0.00988382	0.357304
12.12	0.0134519	0.356263
12.13	0.017008	0.354903
12.14	0.0205489	0.353227
12.15	0.0240715	0.351235
12.16	0.0275726	0.34893
12.17	0.0310491	0.346314
12.18	0.0344978	0.343388
12.19	0.0379158	0.340156
12.2	0.0412999	0.33662
12.21	0.0446472	0.332784
12.22	0.0479546	0.32865
12.23	0.0512192	0.324224
12.24	0.0544381	0.319508
12.25	0.0576084	0.314507
12.26	0.0607273	0.309225
12.27	0.063792	0.303667
12.28	0.0667998	0.297838
12.29	0.0697479	0.291743
12.3	0.0726338	0.285388
12.31	0.0754548	0.278778
12.32	0.0782085	0.271919
12.33	0.0808924	0.264818
12.34	0.0835041	0.25748
12.35	0.0860412	0.249913
12.36	0.0885016	0.242122
12.37	0.0908829	0.234115
12.38	0.0931832	0.2259
12.39	0.0954003	0.217482
12.4	0.0975322	0.208871
12.41	0.099577	0.200073
12.42	0.101533	0.191096
12.43	0.103398	0.181949
12.44	0.105171	0.17264
12.45	0.106851	0.163176
12.46	0.108435	0.153567
12.47	0.109922	0.143821
12.48	0.111311	0.133946
12.49	0.1126	0.123952
12.5	0.113789	0.113847
12.51	0.114877	0.103641
12.52	0.115862	0.0933417
12.53	0.116743	0.0829595
12.54	0.117521	0.0725032
12.55	0.118193	0.0619822
12.56	0.11876	0.0514058
12.57	0.119221	0.0407836
12.58	0.119576	0.030125
12.59	0.119823	0.0194395
12.6	0.119964	0.00873663
12.61	0.119998	-0.00197403
12.62	0.119925	-0.0126829
12.63	0.119745	-0.0233805
12.64	0.119457	-0.0340572
12.65	0.119064	-0.0447035
12.66	0.118563	-0.0553099
12.67	0.117957	-0.065867
12.68	0.117246	-0.0763652
12.69	0.11643	-0.0867953
12.7	0.115511	-0.0971479
12.71	0.114488	-0.107414
12.72	0.113363	-0.117584
12.73	0.112136	-0.127649
12.74	0.11081	-0.1376
12.75	0.109385	-0.147428
12.76	0.107862	-0.157125
12.77	0.106243	-0.166682
12.78	0.104529	-0.176089
12.79	0.102722	-0.18534
12.8	0.100823	-0.194425
12.81	0.0988336	-0.203337
12.82	0.0967564	-0.212067
12.83	0.0945929	-0.220608
12.84	0.0923449	-0.228952
12.85	0.0900145	-0.237091
12.86	0.0876038	-0.245019
12.87	0.0851149	-0.252728
12.88	0.08255	-0.260212
12.89	0.0799114	-0.267463
12.9	0.0772015	-0.274476
12.91	0.0744227	-0.281244
12.92	0.0715775	-0.28776
12.93	0.0686684	-0.29402
12.94	0.065698	-0.300018
12.95	0.0626689	-0.305747
12.96	0.0595839	-0.311204
12.97	0.0564457	-0.316383
12.98	0.0532572	-0.32128
12.99	0.0500211	-0.325889
13	0.0467404	-0.330208
13.01	0.0434179	-0.334232
13.02	0.0400567	-0.337958
13.03	0.0366598	-0.341383
13.04	0.0332301	-0.344502
13.05	0.0297708	-0.347314
13.06	0.0262848	-0.349816
13.07	0.0227755	-0.352006
13.08	0.0192458	-0.353881
13.09	0.0156989	-0.355441
13.1	0.012138	-0.356684
13.11	0.00856628	-0.357608
13.12	0.00498691	-0.358213
13.13	0.00140309	-0.358498
13.14	-0.00218198	-0.358463
13.15	-0.00576511	-0.358109
13.16	-0.00934308	-0.357434
13.17	-0.0129127	-0.356441
13.18	-0.0164708	-0.355129
13.19	-0.0200143	-0.353501
13.2	-0.0235398	-0.351557
13.21	-0.0270443	-0.349299
13.22	-0.0305247	-0.346729
13.23	-0.0339779	-0.34385
13.24	-0.0374007	-0.340664
13.25	-0.0407902	-0.337174
13.26	-0.0441432	-0.333383
13.27	-0.0474568	-0.329295
13.28	-0.0507281	-0.324912
13.29	-0.0539541	-0.32024
13.3	-0.057132	-0.315282
13.31	-0.0602588	-0.310042
13.32	-0.0633319	-0.304525
13.33	-0.0663484	-0.298737
13.34	-0.0693057	-0.292682
13.35	-0.0722012	-0.286366
13.36	-0.0750322	-0.279794
13.37	-0.0777963	-0.272973
13.38	-0.0804909	-0.265908
13.39	-0.0831136	-0.258605
13.4	-0.0856622	-0.251072
13.41	-0.0881343	-0.243315
13.42	-0.0905278	-0.23534
13.43	-0.0928404	-0.227156
13.44	-0.0950702	-0.218768
13.45	-0.0972151	-0.210186
13.46	-0.0992733	-0.201416
13.47	-0.101243	-0.192466
13.48	-0.103122	-0.183344
13.49	-0.104909	-0.174058
13.5	-0.106603	-0.164618
13.51	-0.108201	-0.15503
13.52	-0.109703	-0.145304
13.53	-0.111107	-0.135448
13.54	-0.112411	-0.125471
13.55	-0.113616	-0.115383
13.56	-0.114719	-0.105191
13.57	-0.115719	-0.0949056
13.58	-0.116617	-0.0845354
13.59	-0.11741	-0.0740897
13.6	-0.118098	-0.0635779
13.61	-0.118681	-0.0530093
13.62	-0.119158	-0.0423934
13.63	-0.119529	-0.0317397
13.64	-0.119793	-0.0210576
13.65	-0.11995	-0.0103568
13.66	-0.12	0.000353291
13.67	-0.119943	0.0110631
13.68	-0.119779	0.021763
13.69	-0.119508	0.0324434
13.7	-0.11913	0.043095
13.71	-0.118646	0.053708
13.72	-0.118056	0.0642731
13.73	-0.117361	0.0747809
13.74	-0.116561	0.0852219
13.75	-0.115656	0.0955868
13.76	-0.114649	0.105866
13.77	-0.113539	0.116052
13.78	-0.112328	0.126133
13.79	-0.111017	0.136102
13.8	-0.109607	0.14595
13.81	-0.108099	0.155667
13.82	-0.106494	0.165245
13.83	-0.104794	0.174676
13.84	-0.103001	0.183951
13.85	-0.101116	0.193061
13.86	-0.0991402	0.202
13.87	-0.0970763	0.210758
13.88	-0.0949257	0.219328
13.89	-0.0926904	0.227702
13.9	-0.0903724	0.235873
13.91	-0.0879736	0.243833
13.92	-0.0854964	0.251576
13.93	-0.0829429	0.259094
13.94	-0.0803153	0.266381
13.95	-0.077616	0.273431
13.96	-0.0748475	0.280236
13.97	-0.0720122	0.286791
13.98	-0.0691125	0.29309
13.99	-0.0661512	0.299127
14	-0.0631309	0.304898
14.01	-0.0600542	0.310396
14.02	-0.0569239	0.315617
14.03	-0.0537428	0.320557
14.04	-0.0505137	0.32521
14.05	-0.0472395	0.329574
14.06	-0.0439232	0.333643
14.07	-0.0405677	0.337414
14.08	-0.0371759	0.340884
14.09	-0.033751	0.34405
14.1	-0.030296	0.346908
14.11	-0.0268139	0.349457
14.12	-0.0233079	0.351695
14.13	-0.019781	0.353618
14.14	-0.0162365	0.355226
14.15	-0.0126776	0.356516
14.16	-0.00910729	0.357488
14.17	-0.00552887	0.358142
14.18	-0.00194552	0.358475
14.19	0.00163957	0.358489
14.2	0.0052232	0.358183
14.21	0.00880216	0.357557
14.22	0.0123733	0.356612
14.23	0.0159333	0.355348
14.24	0.0194792	0.353767
14.25	0.0230076	0.351871
14.26	0.0265155	0.349661
14.27	0.0299998	0.347138
14.28	0.0334573	0.344306
14.29	0.0368849	0.341166
14.3	0.0402796	0.337722
14.31	0.0436383	0.333976
14.32	0.0469581	0.329932
14.33	0.050236	0.325594
14.34	0.053469	0.320965
14.35	0.0566543	0.31605
14.36	0.0597891	0.310853
14.37	0.0628705	0.305378
14.38	0.0658957	0.29963
14.39	0.0688622	0.293615
14.4	0.0717672	0.287338
14.41	0.0746081	0.280805
14.42	0.0773824	0.274021
14.43	0.0800877	0.266992
14.44	0.0827215	0.259725
14.45	0.0852814	0.252227
14.46	0.0877653	0.244503
14.47	0.0901708	0.236561
14.48	0.0924958	0.228407
14.49	0.0947382	0.22005
14.5	0.0968961	0.211497
14.51	0.0989675	0.202754
14.52	0.100951	0.193831
14.53	0.102844	0.184735
14.54	0.104645	0.175474
14.55	0.106353	0.166056
14.56	0.107965	0.15649
14.57	0.109482	0.146784
14.58	0.110901	0.136947
14.59	0.11222	0.126988
14.6	0.11344	0.116916
14.61	0.114558	0.10674
14.62	0.115574	0.0964676
14.63	0.116487	0.0861096
14.64	0.117296	0.0756747
14.65	0.118001	0.0651723
14.66	0.1186	0.0546117
14.67	0.119093	0.0440024
14.68	0.11948	0.0333538
14.69	0.11976	0.0226754
14.7	0.119933	0.0119768
14.71	0.119999	0.00126746
14.72	0.119958	-0.00944298
14.73	0.11981	-0.020145
14.74	0.119556	-0.030829
14.75	0.119194	-0.0414855
14.76	0.118726	-0.052105
14.77	0.118152	-0.062678
14.78	0.117473	-0.073195
14.79	0.116688	-0.0836467
14.8	0.1158	-0.0940238
14.81	0.114808	-0.104317
14.82	0.113714	-0.114517
14.83	0.112518	-0.124615
14.84	0.111222	-0.134601
14.85	0.109826	-0.144468
14.86	0.108333	-0.154205
14.87	0.106743	-0.163805
14.88	0.105057	-0.173259
14.89	0.103278	-0.182558
14.9	0.101407	-0.191694
14.91	0.0994449	-0.200659
14.92	0.0973942	-0.209445
14.93	0.0952566	-0.218043
14.94	0.093034	-0.226448
14.95	0.0907283	-0.23465
14.96	0.0883417	-0.242643
14.97	0.0858762	-0.250419
14.98	0.0833341	-0.257971
14.99	0.0807175	-0.265294
15	0.078029	-0.272379
15.01	0.0752708	-0.279222
15.02	0.0724454	-0.285815
15.03	0.0695553	-0.292153
15.04	0.0666032	-0.298231
15.05	0.0635916	-0.304042
15.06	0.0605232	-0.309582
15.07	0.0574009	-0.314845
15.08	0.0542273	-0.319828
15.09	0.0510053	-0.324525
15.1	0.0477377	-0.328932
15.11	0.0444276	-0.333046
15.12	0.0410778	-0.336862
15.13	0.0376913	-0.340378
15.14	0.0342712	-0.34359
15.15	0.0308206	-0.346496
15.16	0.0273424	-0.349092
15.17	0.0238398	-0.351376
15.18	0.0203159	-0.353347
15.19	0.0167739	-0.355003
15.2	0.0132169	-0.356341
15.21	0.0096481	-0.357362
15.22	0.00607071	-0.358063
15.23	0.0024879	-0.358445
15.24	-0.00109713	-0.358508
15.25	-0.00468118	-0.35825
15.26	-0.00826106	-0.357672
15.27	-0.0118336	-0.356775
15.28	-0.0153955	-0.35556
15.29	-0.0189437	-0.354027
15.3	-0.022475	-0.352178
15.31	-0.0259862	-0.350015
15.32	-0.0294742	-0.34754
15.33	-0.032936	-0.344754
15.34	-0.0363683	-0.341661
15.35	-0.0397682	-0.338262
15.36	-0.0431325	-0.334562
15.37	-0.0464584	-0.330563
15.38	-0.0497428	-0.326269
15.39	-0.0529828	-0.321684
15.4	-0.0561755	-0.316812
15.41	-0.0593181	-0.311657
15.42	-0.0624078	-0.306224
15.43	-0.0654417	-0.300517
15.44	-0.0684172	-0.294542
15.45	-0.0713317	-0.288305
15.46	-0.0741824	-0.28181
15.47	-0.076967	-0.275063
15.48	-0.0796829	-0.268071
15.49	-0.0823276	-0.26084
15.5	-0.0848989	-0.253376
15.51	-0.0873944	-0.245686
15.52	-0.0898119	-0.237776
15.53	-0.0921492	-0.229654
15.54	-0.0944043	-0.221328
15.55	-0.0965751	-0.212803
15.56	-0.0986597	-0.204089
15.57	-0.100656	-0.195193
15.58	-0.102563	-0.186122
15.59	-0.104378	-0.176885
15.6	-0.1061	-0.167491
15.61	-0.107727	-0.157946
15.62	-0.109259	-0.148261
15.63	-0.110692	-0.138444
15.64	-0.112027	-0.128503
15.65	-0.113262	-0.118447
15.66	-0.114396	-0.108286
15.67	-0.115427	-0.0980276
15.68	-0.116356	-0.087682
15.69	-0.117181	-0.0772582
15.7	-0.117901	-0.0667654
15.71	-0.118516	-0.056213
15.72	-0.119025	-0.0456104
15.73	-0.119428	-0.0349671
15.74	-0.119724	-0.0242927
15.75	-0.119914	-0.0135965
15.76	-0.119996	-0.00288818
15.77	-0.119971	0.0078227
15.78	-0.11984	0.0185266
15.79	-0.119601	0.029214
15.8	-0.119255	0.0398752
15.81	-0.118804	0.0505009
15.82	-0.118246	0.0610816
15.83	-0.117582	0.0716077
15.84	-0.116814	0.0820699
15.85	-0.115941	0.0924588
15.86	-0.114965	0.102765
15.87	-0.113886	0.11298
15.88	-0.112706	0.123094
15.89	-0.111424	0.133098
15.9	-0.110044	0.142983
15.91	-0.108565	0.15274
15.92	-0.10699	0.162362
15.93	-0.105318	0.171838
15.94	-0.103553	0.181161
15.95	-0.101696	0.190322
15.96	-0.0997475	0.199314
15.97	-0.0977101	0.208127
15.98	-0.0955856	0.216755
15.99	-0.0933757	0.225189
16	-0.0910824	0.233422
16.01	-0.0887079	0.241447
16.02	-0.0862542	0.249256
16.03	-0.0837235	0.256843
16.04	-0.0811181	0.264201
16.05	-0.0784403	0.271323
16.06	-0.0756925	0.278202
16.07	-0.0728771	0.284834
16.08	-0.0699966	0.291211
16.09	-0.0670537	0.297328
16.1	-0.064051	0.30318
16.11	-0.060991	0.308761
16.12	-0.0578767	0.314067
16.13	-0.0547106	0.319092
16.14	-0.0514958	0.323833
16.15	-0.0482349	0.328284
16.16	-0.0449311	0.332443
16.17	-0.0415871	0.336304
16.18	-0.038206	0.339866
16.19	-0.0347908	0.343124
16.2	-0.0313445	0.346076
16.21	-0.0278703	0.348719
16.22	-0.0243712	0.351051
16.23	-0.0208503	0.353069
16.24	-0.0173108	0.354772
16.25	-0.0137559	0.356159
16.26	-0.0101887	0.357228
16.27	-0.00661243	0.357978
16.28	-0.00303023	0.358408
16.29	0.000554667	0.358519
16.3	0.00413907	0.358309
16.31	0.00771978	0.35778
16.32	0.0112936	0.356931
16.33	0.0148573	0.355764
16.34	0.0184078	0.354279
16.35	0.0219419	0.352478
16.36	0.0254563	0.350363
16.37	0.0289481	0.347934
16.38	0.032414	0.345195
