0	0.12	-0.0107115
0.01	0.119893	-0.0214231
0.02	0.119679	-0.032125
0.03	0.119357	-0.0428079
0.04	0.118929	-0.0534621
0.05	0.118395	-0.064078
0.06	0.117754	-0.0746463
0.07	0.117007	-0.0851573
0.08	0.116156	-0.0956017
0.09	0.1152	-0.10597
0.1	0.11414	-0.116253
0.11	0.112978	-0.126442
0.12	0.111713	-0.136526
0.13	0.110348	-0.146498
0.14	0.108883	-0.156348
0.15	0.107319	-0.166067
0.16	0.105659	-0.175647
0.17	0.103902	-0.185078
0.18	0.102052	-0.194353
0.19	0.100108	-0.203462
0.2	0.0980734	-0.212398
0.21	0.0959494	-0.221153
0.22	0.0937379	-0.229717
0.23	0.0914407	-0.238085
0.24	0.0890599	-0.246247
0.25	0.0865974	-0.254197
0.26	0.0840555	-0.261927
0.27	0.0814362	-0.26943
0.28	0.0787419	-0.276699
0.29	0.0759749	-0.283728
0.3	0.0731376	-0.290509
0.31	0.0702325	-0.297038
0.32	0.0672622	-0.303307
0.33	0.0642291	-0.309311
0.34	0.061136	-0.315044
0.35	0.0579855	-0.320501
0.36	0.0547805	-0.325677
0.37	0.0515238	-0.330567
0.38	0.0482181	-0.335166
0.39	0.0448664	-0.33947
0.4	0.0414717	-0.343475
0.41	0.038037	-0.347177
0.42	0.0345652	-0.350572
0.43	0.0310595	-0.353658
0.44	0.0275229	-0.35643
0.45	0.0239586	-0.358887
0.46	0.0203697	-0.361026
0.47	0.0167595	-0.362844
0.48	0.013131	-0.36434
0.49	0.00948763	-0.365512
0.5	0.00583251	-0.366359
0.51	0.00216892	-0.36688
0.52	-0.00149988	-0.367073
0.53	-0.00517061	-0.366939
0.54	-0.00884	-0.366478
0.55	-0.0125048	-0.365689
0.56	-0.0161617	-0.364572
0.57	-0.0198074	-0.36313
0.58	-0.0234387	-0.361362
0.59	-0.0270523	-0.359269
0.6	-0.030645	-0.356855
0.61	-0.0342135	-0.354119
0.62	-0.0377547	-0.351065
0.63	-0.0412654	-0.347695
0.64	-0.0447423	-0.344012
0.65	-0.0481825	-0.340018
0.66	-0.0515826	-0.335717
0.67	-0.0549398	-0.331113
0.68	-0.0582509	-0.326209
0.69	-0.061513	-0.321009
0.7	-0.0647231	-0.315518
0.71	-0.0678783	-0.309741
0.72	-0.0709757	-0.303682
0.73	-0.0740125	-0.297346
0.74	-0.076986	-0.29074
0.75	-0.0798934	-0.283868
0.76	-0.082732	-0.276736
0.77	-0.0854994	-0.269351
0.78	-0.0881929	-0.261719
0.79	-0.0908101	-0.253847
0.8	-0.0933486	-0.245741
0.81	-0.095806	-0.237408
0.82	-0.0981801	-0.228857
0.83	-0.100469	-0.220093
0.84	-0.10267	-0.211125
0.85	-0.104781	-0.20196
0.86	-0.1068	-0.192607
0.87	-0.108726	-0.183074
0.88	-0.110557	-0.173368
0.89	-0.112291	-0.1635
0.9	-0.113926	-0.153476
0.91	-0.115461	-0.143307
0.92	-0.116894	-0.133001
0.93	-0.118224	-0.122567
0.94	-0.119449	-0.112014
0.95	-0.12057	-0.101351
0.96	-0.121583	-0.0905888
0.97	-0.122489	-0.0797359
0.98	-0.123286	-0.0688022
0.99	-0.123974	-0.0577973
1	-0.124552	-0.0467311
1.01	-0.12502	-0.0356132
1.02	-0.125376	-0.0244536
1.03	-0.12562	-0.0132622
1.04	-0.125753	-0.00204897
1.05	-0.125773	0.00917608
1.06	-0.125682	0.020403
1.07	-0.125478	0.0316217
1.08	-0.125161	0.0428221
1.09	-0.124733	0.0539944
1.1	-0.124193	0.0651284
1.11	-0.123542	0.0762143
1.12	-0.12278	0.0872419
1.13	-0.121907	0.0982016
1.14	-0.120925	0.109083
1.15	-0.119835	0.119878
1.16	-0.118636	0.130574
1.17	-0.11733	0.141164
1.18	-0.115918	0.151637
1.19	-0.114402	0.161984
1.2	-0.112782	0.172196
1.21	-0.11106	0.182264
1.22	-0.109238	0.192177
1.23	-0.107316	0.201928
1.24	-0.105297	0.211507
1.25	-0.103181	0.220906
1.26	-0.100972	0.230117
1.27	-0.0986712	0.23913
1.28	-0.0962799	0.247937
1.29	-0.0938005	0.256532
1.3	-0.0912352	0.264904
1.31	-0.0885862	0.273048
1.32	-0.0858557	0.280956
1.33	-0.0830461	0.288619
1.34	-0.0801599	0.296032
1.35	-0.0771996	0.303188
1.36	-0.0741677	0.310079
1.37	-0.071067	0.316699
1.38	-0.0679	0.323043
1.39	-0.0646695	0.329104
1.4	-0.0613785	0.334876
1.41	-0.0580297	0.340355
1.42	-0.0546262	0.345535
1.43	-0.0511708	0.350411
1.44	-0.0476667	0.354979
1.45	-0.0441169	0.359234
1.46	-0.0405246	0.363172
1.47	-0.0368929	0.366789
1.48	-0.033225	0.370082
1.49	-0.0295242	0.373048
1.5	-0.0257937	0.375683
1.51	-0.0220369	0.377986
1.52	-0.018257	0.379953
1.53	-0.0144575	0.381582
1.54	-0.0106416	0.382873
1.55	-0.00681292	0.383823
1.56	-0.00297469	0.384431
1.57	0.000869623	0.384697
1.58	0.00471659	0.384619
1.59	0.00856278	0.384198
1.6	0.0124048	0.383434
1.61	0.0162391	0.382326
1.62	0.0200624	0.380877
1.63	0.0238711	0.379086
1.64	0.027662	0.376955
1.65	0.0314315	0.374486
1.66	0.0351764	0.37168
1.67	0.0388932	0.36854
1.68	0.0425786	0.365069
1.69	0.0462293	0.361268
1.7	0.049842	0.357141
1.71	0.0534134	0.352692
1.72	0.0569403	0.347924
1.73	0.0604195	0.342842
1.74	0.063848	0.337449
1.75	0.0672224	0.331749
1.76	0.0705399	0.325749
1.77	0.0737974	0.319452
1.78	0.076992	0.312865
1.79	0.0801206	0.305992
1.8	0.0831805	0.298841
1.81	0.0861689	0.291416
1.82	0.0890831	0.283724
1.83	0.0919203	0.275772
1.84	0.0946781	0.267567
1.85	0.0973537	0.259116
1.86	0.0999449	0.250426
1.87	0.102449	0.241505
1.88	0.104864	0.23236
1.89	0.107188	0.222999
1.9	0.109418	0.213431
1.91	0.111552	0.203664
1.92	0.113589	0.193707
1.93	0.115526	0.183568
1.94	0.117361	0.173256
1.95	0.119094	0.16278
1.96	0.120722	0.152149
1.97	0.122243	0.141373
1.98	0.123657	0.130461
1.99	0.124962	0.119423
2	0.126156	0.108269
2.01	0.127239	0.0970077
2.02	0.128209	0.08565
2.03	0.129065	0.0742057
2.04	0.129807	0.062685
2.05	0.130434	0.0510981
2.06	0.130945	0.0394552
2.07	0.13134	0.0277667
2.08	0.131617	0.0160429
2.09	0.131778	0.0042944
2.1	0.131821	-0.00746844
2.11	0.131746	-0.0192351
2.12	0.131554	-0.0309951
2.13	0.131244	-0.042738
2.14	0.130816	-0.0544531
2.15	0.130272	-0.0661302
2.16	0.12961	-0.0777586
2.17	0.128833	-0.089328
2.18	0.12794	-0.100828
2.19	0.126931	-0.112248
2.2	0.125809	-0.123578
2.21	0.124573	-0.134808
2.22	0.123225	-0.145928
2.23	0.121766	-0.156928
2.24	0.120196	-0.167797
2.25	0.118518	-0.178526
2.26	0.116733	-0.189105
2.27	0.114842	-0.199525
2.28	0.112847	-0.209776
2.29	0.110749	-0.219849
2.3	0.108551	-0.229735
2.31	0.106253	-0.239424
2.32	0.103859	-0.248909
2.33	0.10137	-0.25818
2.34	0.0987881	-0.267228
2.35	0.0961158	-0.276046
2.36	0.0933554	-0.284626
2.37	0.0905091	-0.292959
2.38	0.0875795	-0.301038
2.39	0.0845691	-0.308856
2.4	0.0814806	-0.316405
2.41	0.0783165	-0.323678
2.42	0.0750798	-0.330669
2.43	0.0717731	-0.33737
2.44	0.0683994	-0.343777
2.45	0.0649616	-0.349883
2.46	0.0614628	-0.355681
2.47	0.057906	-0.361168
2.48	0.0542943	-0.366336
2.49	0.0506309	-0.371183
2.5	0.0469191	-0.375702
2.51	0.0431621	-0.37989
2.52	0.0393632	-0.383743
2.53	0.0355257	-0.387257
2.54	0.0316532	-0.390428
2.55	0.0277489	-0.393253
2.56	0.0238164	-0.39573
2.57	0.0198591	-0.397856
2.58	0.0158805	-0.399629
2.59	0.0118842	-0.401047
2.6	0.00787373	-0.402107
2.61	0.00385266	-0.40281
2.62	-0.000175442	-0.403154
2.63	-0.00420698	-0.403138
2.64	-0.00823837	-0.402763
2.65	-0.012266	-0.402028
2.66	-0.0162863	-0.400933
2.67	-0.0202956	-0.399479
2.68	-0.0242904	-0.397667
2.69	-0.0282671	-0.395499
2.7	-0.032222	-0.392976
2.71	-0.0361518	-0.3901
2.72	-0.0400528	-0.386873
2.73	-0.0439215	-0.383297
2.74	-0.0477545	-0.379377
2.75	-0.0515483	-0.375114
2.76	-0.0552994	-0.370513
2.77	-0.0590045	-0.365577
2.78	-0.0626603	-0.36031
2.79	-0.0662634	-0.354716
2.8	-0.0698106	-0.348802
2.81	-0.0732986	-0.34257
2.82	-0.0767243	-0.336027
2.83	-0.0800846	-0.329179
2.84	-0.0833763	-0.32203
2.85	-0.0865966	-0.314588
2.86	-0.0897425	-0.306858
2.87	-0.0928111	-0.298847
2.88	-0.0957996	-0.290563
2.89	-0.0987052	-0.282011
2.9	-0.101525	-0.273201
2.91	-0.104257	-0.264138
2.92	-0.106899	-0.254832
2.93	-0.109447	-0.24529
2.94	-0.1119	-0.23552
2.95	-0.114255	-0.225532
2.96	-0.11651	-0.215333
2.97	-0.118664	-0.204933
2.98	-0.120713	-0.194341
2.99	-0.122656	-0.183565
3	-0.124492	-0.172617
3.01	-0.126218	-0.161504
3.02	-0.127833	-0.150238
3.03	-0.129336	-0.138827
3.04	-0.130724	-0.127282
3.05	-0.131997	-0.115613
3.06	-0.133153	-0.103831
3.07	-0.134191	-0.0919453
3.08	-0.135111	-0.079967
3.09	-0.13591	-0.0679066
3.1	-0.136589	-0.0557749
3.11	-0.137147	-0.0435825
3.12	-0.137583	-0.0313404
3.13	-0.137896	-0.0190594
3.14	-0.138087	-0.00675035
3.15	-0.138155	0.00557568
3.16	-0.138099	0.0179077
3.17	-0.13792	0.0302348
3.18	-0.137617	0.0425459
3.19	-0.137192	0.05483
3.2	-0.136644	0.0670761
3.21	-0.135973	0.0792733
3.22	-0.13518	0.0914106
3.23	-0.134266	0.103477
3.24	-0.133231	0.115462
3.25	-0.132077	0.127355
3.26	-0.130803	0.139144
3.27	-0.129412	0.15082
3.28	-0.127903	0.162372
3.29	-0.12628	0.173789
3.3	-0.124542	0.185061
3.31	-0.122691	0.196178
3.32	-0.120729	0.20713
3.33	-0.118658	0.217906
3.34	-0.116479	0.228498
3.35	-0.114194	0.238895
3.36	-0.111805	0.249088
3.37	-0.109314	0.259068
3.38	-0.106724	0.268826
3.39	-0.104035	0.278353
3.4	-0.101252	0.287639
3.41	-0.0983754	0.296677
3.42	-0.0954086	0.305458
3.43	-0.092354	0.313975
3.44	-0.0892143	0.322219
3.45	-0.0859921	0.330182
3.46	-0.0826903	0.337858
3.47	-0.0793117	0.345239
3.48	-0.0758593	0.352319
3.49	-0.0723361	0.35909
3.5	-0.0687452	0.365547
3.51	-0.0650897	0.371683
3.52	-0.0613729	0.377494
3.53	-0.057598	0.382972
3.54	-0.0537682	0.388113
3.55	-0.0498871	0.392913
3.56	-0.045958	0.397366
3.57	-0.0419843	0.401468
3.58	-0.0379696	0.405216
3.59	-0.0339175	0.408605
3.6	-0.0298314	0.411633
3.61	-0.0257151	0.414295
3.62	-0.0215722	0.416591
3.63	-0.0174062	0.418516
3.64	-0.0132211	0.42007
3.65	-0.00902038	0.42125
3.66	-0.00480788	0.422055
3.67	-0.000587326	0.422485
3.68	0.00363752	0.422537
3.69	0.00786289	0.422212
3.7	0.012085	0.421511
3.71	0.0163001	0.420432
3.72	0.0205044	0.418977
3.73	0.0246942	0.417146
3.74	0.0288657	0.414942
3.75	0.0330151	0.412366
3.76	0.0371387	0.409419
3.77	0.0412329	0.406103
3.78	0.045294	0.402423
3.79	0.0493182	0.39838
3.8	0.053302	0.393978
3.81	0.0572418	0.38922
3.82	0.061134	0.38411
3.83	0.0649751	0.378653
3.84	0.0687616	0.372853
3.85	0.0724901	0.366715
3.86	0.0761573	0.360245
3.87	0.0797597	0.353447
3.88	0.0832942	0.346327
3.89	0.0867575	0.338892
3.9	0.0901464	0.331148
3.91	0.0934579	0.323101
3.92	0.0966889	0.314759
3.93	0.0998365	0.306128
3.94	0.102898	0.297216
3.95	0.10587	0.288032
3.96	0.10875	0.278581
3.97	0.111536	0.268874
3.98	0.114225	0.258918
3.99	0.116814	0.248722
4	0.119301	0.238295
4.01	0.121684	0.227646
4.02	0.123961	0.216784
4.03	0.126128	0.205719
4.04	0.128186	0.19446
4.05	0.13013	0.183018
4.06	0.13196	0.171402
4.07	0.133674	0.159623
4.08	0.135271	0.147691
4.09	0.136748	0.135616
4.1	0.138104	0.12341
4.11	0.139338	0.111082
4.12	0.140449	0.0986445
4.13	0.141435	0.0861077
4.14	0.142296	0.0734828
4.15	0.143031	0.060781
4.16	0.143639	0.0480137
4.17	0.144119	0.0351921
4.18	0.144471	0.0223276
4.19	0.144694	0.00943177
4.2	0.144788	-0.00348403
4.21	0.144754	-0.0164083
4.22	0.14459	-0.0293294
4.23	0.144296	-0.0422358
4.24	0.143874	-0.0551161
4.25	0.143323	-0.0679587
4.26	0.142643	-0.0807521
4.27	0.141836	-0.0934848
4.28	0.140901	-0.106145
4.29	0.139839	-0.118723
4.3	0.138652	-0.131205
4.31	0.13734	-0.143582
4.32	0.135904	-0.155841
4.33	0.134346	-0.167972
4.34	0.132666	-0.179964
4.35	0.130866	-0.191806
4.36	0.128948	-0.203488
4.37	0.126913	-0.214998
4.38	0.124764	-0.226327
4.39	0.1225	-0.237463
4.4	0.120126	-0.248398
4.41	0.117642	-0.259121
4.42	0.11505	-0.269622
4.43	0.112354	-0.279892
4.44	0.109555	-0.289921
4.45	0.106656	-0.2997
4.46	0.103659	-0.30922
4.47	0.100567	-0.318473
4.48	0.0973821	-0.32745
4.49	0.0941076	-0.336143
4.5	0.0907462	-0.344543
4.51	0.0873008	-0.352643
4.52	0.0837743	-0.360436
4.53	0.08017	-0.367914
4.54	0.0764908	-0.37507
4.55	0.0727401	-0.381898
4.56	0.0689212	-0.388391
4.57	0.0650373	-0.394543
4.58	0.0610918	-0.400348
4.59	0.0570883	-0.405802
4.6	0.0530303	-0.410897
4.61	0.0489214	-0.415631
4.62	0.044765	-0.419998
4.63	0.0405651	-0.423994
4.64	0.0363251	-0.427615
4.65	0.032049	-0.430857
4.66	0.0277404	-0.433718
4.67	0.0234032	-0.436194
4.68	0.0190413	-0.438283
4.69	0.0146585	-0.439983
4.7	0.0102586	-0.441291
4.71	0.00584571	-0.442207
4.72	0.00142364	-0.442729
4.73	-0.00300365	-0.442856
4.74	-0.00743221	-0.442588
4.75	-0.0118581	-0.441924
4.76	-0.0162773	-0.440866
4.77	-0.020686	-0.439413
4.78	-0.0250801	-0.437567
4.79	-0.0294558	-0.435328
4.8	-0.0338091	-0.432698
4.81	-0.0381361	-0.429681
4.82	-0.0424329	-0.426276
4.83	-0.0466956	-0.422489
4.84	-0.0509205	-0.418321
4.85	-0.0551037	-0.413775
4.86	-0.0592415	-0.408857
4.87	-0.06333	-0.403569
4.88	-0.0673657	-0.397916
4.89	-0.0713449	-0.391902
4.9	-0.0752639	-0.385534
4.91	-0.0791192	-0.378816
4.92	-0.0829074	-0.371753
4.93	-0.0866249	-0.364353
4.94	-0.0902684	-0.35662
4.95	-0.0938347	-0.348563
4.96	-0.0973203	-0.340187
4.97	-0.100722	-0.3315
4.98	-0.104037	-0.322509
4.99	-0.107262	-0.313222
5	-0.110394	-0.303648
5.01	-0.113431	-0.293794
5.02	-0.116369	-0.283668
5.03	-0.119206	-0.273281
5.04	-0.121938	-0.26264
5.05	-0.124565	-0.251756
5.06	-0.127082	-0.240637
5.07	-0.129489	-0.229293
5.08	-0.131782	-0.217735
5.09	-0.133959	-0.205971
5.1	-0.136019	-0.194014
5.11	-0.137959	-0.181872
5.12	-0.139778	-0.169558
5.13	-0.141473	-0.157081
5.14	-0.143044	-0.144453
5.15	-0.144488	-0.131684
5.16	-0.145805	-0.118787
5.17	-0.146993	-0.105772
5.18	-0.148051	-0.0926507
5.19	-0.148977	-0.0794353
5.2	-0.149772	-0.0661371
5.21	-0.150433	-0.0527681
5.22	-0.150961	-0.03934
5.23	-0.151354	-0.0258648
5.24	-0.151613	-0.0123545
5.25	-0.151736	0.00117883
5.26	-0.151725	0.0147232
5.27	-0.151577	0.0282666
5.28	-0.151295	0.0417968
5.29	-0.150877	0.0553018
5.3	-0.150324	0.0687695
5.31	-0.149636	0.0821878
5.32	-0.148814	0.0955447
5.33	-0.147859	0.108828
5.34	-0.14677	0.122027
5.35	-0.14555	0.135128
5.36	-0.144199	0.14812
5.37	-0.142718	0.160991
5.38	-0.141108	0.173731
5.39	-0.13937	0.186327
5.4	-0.137507	0.198767
5.41	-0.13552	0.211041
5.42	-0.133409	0.223138
5.43	-0.131178	0.235047
5.44	-0.128827	0.246756
5.45	-0.12636	0.258255
5.46	-0.123777	0.269535
5.47	-0.121082	0.280583
5.48	-0.118276	0.291391
5.49	-0.115362	0.301949
5.5	-0.112343	0.312247
5.51	-0.10922	0.322275
5.52	-0.105997	0.332024
5.53	-0.102677	0.341486
5.54	-0.0992622	0.350651
5.55	-0.0957557	0.359511
5.56	-0.0921606	0.368059
5.57	-0.08848	0.376285
5.58	-0.0847172	0.384183
5.59	-0.0808753	0.391745
5.6	-0.0769579	0.398964
5.61	-0.0729683	0.405834
5.62	-0.0689099	0.412347
5.63	-0.0647864	0.418498
5.64	-0.0606015	0.424281
5.65	-0.0563586	0.429691
5.66	-0.0520617	0.434722
5.67	-0.0477145	0.439369
5.68	-0.0433208	0.443628
5.69	-0.0388846	0.447495
5.7	-0.0344096	0.450966
5.71	-0.0299	0.454037
5.72	-0.0253596	0.456706
5.73	-0.0207925	0.45897
5.74	-0.0162028	0.460826
5.75	-0.0115946	0.462272
5.76	-0.00697184	0.463307
5.77	-0.00233877	0.463929
5.78	0.00230053	0.464138
5.79	0.00694191	0.463933
5.8	0.0115812	0.463313
5.81	0.0162144	0.462279
5.82	0.0208372	0.460832
5.83	0.0254455	0.458972
5.84	0.0300352	0.456701
5.85	0.0346022	0.45402
5.86	0.0391424	0.450931
5.87	0.0436517	0.447437
5.88	0.0481261	0.443541
5.89	0.0525615	0.439245
5.9	0.0569539	0.434553
5.91	0.0612995	0.429469
5.92	0.0655942	0.423997
5.93	0.0698341	0.418142
5.94	0.0740156	0.411909
5.95	0.0781346	0.405302
5.96	0.0821877	0.398327
5.97	0.0861709	0.390991
5.98	0.0900808	0.383299
5.99	0.0939138	0.375258
6	0.0976664	0.366875
6.01	0.101335	0.358157
6.02	0.104917	0.349112
6.03	0.108408	0.339747
6.04	0.111805	0.33007
6.05	0.115106	0.32009
6.06	0.118307	0.309815
6.07	0.121405	0.299255
6.08	0.124398	0.288418
6.09	0.127282	0.277314
6.1	0.130055	0.265952
6.11	0.132714	0.254343
6.12	0.135258	0.242497
6.13	0.137683	0.230423
6.14	0.139987	0.218133
6.15	0.142168	0.205638
6.16	0.144225	0.192947
6.17	0.146154	0.180073
6.18	0.147955	0.167027
6.19	0.149625	0.15382
6.2	0.151163	0.140464
6.21	0.152568	0.126971
6.22	0.153838	0.113352
6.23	0.154971	0.0996204
6.24	0.155968	0.0857872
6.25	0.156825	0.0718651
6.26	0.157544	0.0578665
6.27	0.158123	0.0438036
6.28	0.158561	0.0296892
6.29	0.158858	0.0155356
6.3	0.159013	0.00135551
6.31	0.159027	-0.0128384
6.32	0.158898	-0.0270336
6.33	0.158628	-0.0412173
6.34	0.158216	-0.0553768
6.35	0.157662	-0.0694996
6.36	0.156967	-0.083573
6.37	0.156131	-0.0975843
6.38	0.155155	-0.111521
6.39	0.15404	-0.125371
6.4	0.152786	-0.139121
6.41	0.151395	-0.152759
6.42	0.149868	-0.166273
6.43	0.148205	-0.17965
6.44	0.146408	-0.192879
6.45	0.14448	-0.205948
6.46	0.14242	-0.218845
6.47	0.140232	-0.231558
6.48	0.137916	-0.244075
6.49	0.135475	-0.256386
6.5	0.132911	-0.268479
6.51	0.130227	-0.280343
6.52	0.127423	-0.291967
6.53	0.124504	-0.303342
6.54	0.12147	-0.314455
6.55	0.118326	-0.325298
6.56	0.115073	-0.33586
6.57	0.111714	-0.346132
6.58	0.108253	-0.356104
6.59	0.104692	-0.365766
6.6	0.101034	-0.375112
6.61	0.0972829	-0.38413
6.62	0.0934416	-0.392814
6.63	0.0895135	-0.401155
6.64	0.0855019	-0.409145
6.65	0.0814105	-0.416777
6.66	0.0772427	-0.424044
6.67	0.0730023	-0.430939
6.68	0.0686929	-0.437455
6.69	0.0643183	-0.443587
6.7	0.0598825	-0.449328
6.71	0.0553892	-0.454674
6.72	0.0508424	-0.459618
6.73	0.0462463	-0.464156
6.74	0.0416047	-0.468284
6.75	0.0369219	-0.471998
6.76	0.0322019	-0.475294
6.77	0.027449	-0.478168
6.78	0.0226673	-0.480618
6.79	0.0178611	-0.482642
6.8	0.0130347	-0.484236
6.81	0.00819232	-0.485399
6.82	0.00333832	-0.486131
6.83	-0.00152298	-0.486429
6.84	-0.00638727	-0.486293
6.85	-0.0112502	-0.485723
6.86	-0.0161074	-0.484718
6.87	-0.0209546	-0.483281
6.88	-0.0257874	-0.48141
6.89	-0.0306015	-0.479108
6.9	-0.0353926	-0.476377
6.91	-0.0401564	-0.473217
6.92	-0.0448885	-0.469633
6.93	-0.0495849	-0.465626
6.94	-0.0542411	-0.4612
6.95	-0.0588531	-0.456358
6.96	-0.0634167	-0.451105
6.97	-0.0679278	-0.445444
6.98	-0.0723822	-0.439381
6.99	-0.076776	-0.43292
7	-0.0811052	-0.426066
7.01	-0.0853659	-0.418827
7.02	-0.0895541	-0.411207
7.03	-0.0936662	-0.403213
7.04	-0.0976983	-0.394852
7.05	-0.101647	-0.386131
7.06	-0.105508	-0.377058
7.07	-0.109279	-0.36764
7.08	-0.112955	-0.357885
7.09	-0.116534	-0.347803
7.1	-0.120012	-0.337401
7.11	-0.123386	-0.326688
7.12	-0.126653	-0.315674
7.13	-0.12981	-0.304369
7.14	-0.132853	-0.292782
7.15	-0.135781	-0.280923
7.16	-0.13859	-0.268803
7.17	-0.141278	-0.256432
7.18	-0.143843	-0.243821
7.19	-0.146281	-0.230981
7.2	-0.148591	-0.217923
7.21	-0.15077	-0.20466
7.22	-0.152817	-0.191202
7.23	-0.154729	-0.177561
7.24	-0.156504	-0.163749
7.25	-0.158142	-0.149779
7.26	-0.159639	-0.135663
7.27	-0.160996	-0.121413
7.28	-0.16221	-0.107042
7.29	-0.163281	-0.0925631
7.3	-0.164206	-0.0779882
7.31	-0.164986	-0.0633307
7.32	-0.165619	-0.0486035
7.33	-0.166106	-0.0338199
7.34	-0.166444	-0.0189928
7.35	-0.166634	-0.0041356
7.36	-0.166675	0.0107386
7.37	-0.166568	0.0256165
7.38	-0.166311	0.0404847
7.39	-0.165907	0.0553302
7.4	-0.165353	0.0701394
7.41	-0.164652	0.0848993
7.42	-0.163803	0.0995966
7.43	-0.162807	0.114218
7.44	-0.161665	0.128751
7.45	-0.160377	0.143181
7.46	-0.158945	0.157497
7.47	-0.15737	0.171685
7.48	-0.155654	0.185732
7.49	-0.153796	0.199626
7.5	-0.1518	0.213355
7.51	-0.149667	0.226905
7.52	-0.147397	0.240264
7.53	-0.144995	0.253422
7.54	-0.142461	0.266364
7.55	-0.139797	0.279081
7.56	-0.137006	0.291559
7.57	-0.134091	0.303789
7.58	-0.131053	0.315758
7.59	-0.127895	0.327456
7.6	-0.124621	0.338873
7.61	-0.121232	0.349996
7.62	-0.117732	0.360818
7.63	-0.114124	0.371327
7.64	-0.11041	0.381514
7.65	-0.106595	0.39137
7.66	-0.102682	0.400885
7.67	-0.0986727	0.41005
7.68	-0.0945722	0.418858
7.69	-0.0903836	0.4273
7.7	-0.0861106	0.435368
7.71	-0.0817569	0.443054
7.72	-0.0773264	0.450352
7.73	-0.0728229	0.457254
7.74	-0.0682503	0.463755
7.75	-0.0636128	0.469847
7.76	-0.0589143	0.475525
7.77	-0.0541591	0.480784
7.78	-0.0493512	0.485618
7.79	-0.044495	0.490024
7.8	-0.0395948	0.493995
7.81	-0.0346549	0.49753
7.82	-0.0296796	0.500623
7.83	-0.0246733	0.503272
7.84	-0.0196406	0.505475
7.85	-0.0145858	0.507228
7.86	-0.00951357	0.50853
7.87	-0.00442827	0.509379
7.88	0.000665524	0.509774
7.89	0.00576327	0.509715
7.9	0.0108604	0.509201
7.91	0.0159524	0.508231
7.92	0.0210347	0.506807
7.93	0.0261028	0.50493
7.94	0.0311521	0.5026
7.95	0.0361781	0.499819
7.96	0.0411763	0.49659
7.97	0.0461422	0.492914
7.98	0.0510713	0.488795
7.99	0.0559593	0.484236
8	0.0608016	0.479241
8.01	0.0655941	0.473814
8.02	0.0703322	0.467959
8.03	0.0750118	0.461681
8.04	0.0796286	0.454985
8.05	0.0841784	0.447877
8.06	0.0886572	0.440363
8.07	0.0930609	0.432449
8.08	0.0973853	0.424143
8.09	0.101627	0.41545
8.1	0.105781	0.406378
8.11	0.109845	0.396936
8.12	0.113814	0.387131
8.13	0.117686	0.376971
8.14	0.121455	0.366467
8.15	0.12512	0.355625
8.16	0.128676	0.344456
8.17	0.132121	0.33297
8.18	0.135451	0.321177
8.19	0.138662	0.309086
8.2	0.141753	0.296709
8.21	0.14472	0.284056
8.22	0.147561	0.271137
8.23	0.150272	0.257966
8.24	0.152852	0.244552
8.25	0.155297	0.230908
8.26	0.157607	0.217046
8.27	0.159777	0.202977
8.28	0.161807	0.188715
8.29	0.163694	0.174272
8.3	0.165437	0.15966
8.31	0.167033	0.144893
8.32	0.168482	0.129983
8.33	0.169782	0.114944
8.34	0.170931	0.0997886
8.35	0.171929	0.0845308
8.36	0.172775	0.0691839
8.37	0.173466	0.0537615
8.38	0.174004	0.0382774
8.39	0.174387	0.0227454
8.4	0.174614	0.0071791
8.41	0.174686	-0.00840746
8.42	0.174602	-0.0240004
8.43	0.174362	-0.0395859
8.44	0.173966	-0.0551499
8.45	0.173415	-0.0706786
8.46	0.172708	-0.0861581
8.47	0.171846	-0.101574
8.48	0.170831	-0.116914
8.49	0.169661	-0.132163
8.5	0.16834	-0.147307
8.51	0.166867	-0.162334
8.52	0.165243	-0.177229
8.53	0.163471	-0.191979
8.54	0.161551	-0.206571
8.55	0.159486	-0.220991
8.56	0.157276	-0.235227
8.57	0.154923	-0.249266
8.58	0.152431	-0.263095
8.59	0.1498	-0.276701
8.6	0.147033	-0.290073
8.61	0.144132	-0.303198
8.62	0.1411	-0.316063
8.63	0.137939	-0.328658
8.64	0.134653	-0.340971
8.65	0.131243	-0.352991
8.66	0.127713	-0.364706
8.67	0.124066	-0.376106
8.68	0.120305	-0.38718
8.69	0.116433	-0.397919
8.7	0.112454	-0.408312
8.71	0.108371	-0.41835
8.72	0.104188	-0.428024
8.73	0.0999073	-0.437324
8.74	0.0955341	-0.446242
8.75	0.0910716	-0.454769
8.76	0.0865239	-0.462899
8.77	0.081895	-0.470622
8.78	0.0771887	-0.477932
8.79	0.0724094	-0.484822
8.8	0.0675612	-0.491286
8.81	0.0626483	-0.497316
8.82	0.0576752	-0.502909
8.83	0.0526461	-0.508057
8.84	0.0475655	-0.512756
8.85	0.042438	-0.517002
8.86	0.0372679	-0.52079
8.87	0.03206	-0.524117
8.88	0.0268189	-0.526978
8.89	0.0215491	-0.529372
8.9	0.0162554	-0.531296
8.91	0.0109424	-0.532747
8.92	0.00561494	-0.533724
8.93	0.0002777	-0.534225
8.94	-0.00506455	-0.53425
8.95	-0.010407	-0.533798
8.96	-0.015745	-0.532869
8.97	-0.0210737	-0.531463
8.98	-0.0263883	-0.529582
8.99	-0.0316842	-0.527227
9	-0.0369564	-0.524398
9.01	-0.0422004	-0.5211
9.02	-0.0474114	-0.517333
9.03	-0.0525847	-0.513101
9.04	-0.0577157	-0.508407
9.05	-0.0627998	-0.503255
9.06	-0.0678324	-0.497649
9.07	-0.0728088	-0.491594
9.08	-0.0777248	-0.485095
9.09	-0.0825757	-0.478157
9.1	-0.0873573	-0.470786
9.11	-0.0920652	-0.462988
9.12	-0.0966951	-0.45477
9.13	-0.101243	-0.446139
9.14	-0.105704	-0.437102
9.15	-0.110075	-0.427667
9.16	-0.114352	-0.417841
9.17	-0.11853	-0.407634
9.18	-0.122607	-0.397053
9.19	-0.126577	-0.386109
9.2	-0.130438	-0.37481
9.21	-0.134186	-0.363167
9.22	-0.137818	-0.351189
9.23	-0.14133	-0.338887
9.24	-0.144719	-0.326272
9.25	-0.147981	-0.313354
9.26	-0.151115	-0.300145
9.27	-0.154116	-0.286656
9.28	-0.156983	-0.272899
9.29	-0.159712	-0.258886
9.3	-0.162301	-0.24463
9.31	-0.164747	-0.230142
9.32	-0.167049	-0.215436
9.33	-0.169203	-0.200525
9.34	-0.171208	-0.185422
9.35	-0.173062	-0.170139
9.36	-0.174764	-0.154691
9.37	-0.176311	-0.139091
9.38	-0.177702	-0.123353
9.39	-0.178935	-0.107491
9.4	-0.18001	-0.0915189
9.41	-0.180925	-0.0754507
9.42	-0.18168	-0.0593008
9.43	-0.182273	-0.0430836
9.44	-0.182704	-0.0268134
9.45	-0.182972	-0.0105048
9.46	-0.183077	0.0058278
9.47	-0.183019	0.0221697
9.48	-0.182797	0.0385065
9.49	-0.182412	0.0548234
9.5	-0.181864	0.071106
9.51	-0.181152	0.0873397
9.52	-0.180279	0.10351
9.53	-0.179244	0.119602
9.54	-0.178048	0.135602
9.55	-0.176692	0.151495
9.56	-0.175177	0.167267
9.57	-0.173504	0.182904
9.58	-0.171675	0.198391
9.59	-0.169691	0.213715
9.6	-0.167554	0.228863
9.61	-0.165266	0.243819
9.62	-0.162827	0.258571
9.63	-0.160242	0.273105
9.64	-0.157511	0.287409
9.65	-0.154637	0.301469
9.66	-0.151622	0.315272
9.67	-0.148469	0.328806
9.68	-0.145181	0.342059
9.69	-0.14176	0.355018
9.7	-0.13821	0.367672
9.71	-0.134534	0.380009
9.72	-0.130733	0.392018
9.73	-0.126813	0.403688
9.74	-0.122776	0.415007
9.75	-0.118626	0.425967
9.76	-0.114367	0.436556
9.77	-0.110001	0.446764
9.78	-0.105533	0.456583
9.79	-0.100968	0.466004
9.8	-0.0963076	0.475016
9.81	-0.0915574	0.483613
9.82	-0.0867213	0.491786
9.83	-0.0818035	0.499527
9.84	-0.0768082	0.506829
9.85	-0.0717399	0.513685
9.86	-0.0666031	0.520088
9.87	-0.0614022	0.526034
9.88	-0.0561418	0.531515
9.89	-0.0508267	0.536526
9.9	-0.0454614	0.541063
9.91	-0.0400508	0.545121
9.92	-0.0345996	0.548696
9.93	-0.0291126	0.551784
9.94	-0.0235948	0.554383
9.95	-0.018051	0.556489
9.96	-0.0124861	0.5581
9.97	-0.00690506	0.559215
9.98	-0.00131291	0.559831
9.99	0.0042854	0.559949
10	0.00988489	0.559566
10.01	0.0154805	0.558684
10.02	0.0210674	0.557302
10.03	0.0266404	0.555421
10.04	0.0321946	0.553043
10.05	0.037725	0.55017
10.06	0.0432267	0.546802
10.07	0.0486948	0.542944
10.08	0.0541242	0.538597
10.09	0.0595102	0.533766
10.1	0.0648478	0.528454
10.11	0.0701324	0.522665
10.12	0.075359	0.516405
10.13	0.0805231	0.509678
10.14	0.0856198	0.50249
10.15	0.0906447	0.494848
10.16	0.0955932	0.486757
10.17	0.100461	0.478224
10.18	0.105243	0.469256
10.19	0.109936	0.459862
10.2	0.114534	0.450049
10.21	0.119035	0.439825
10.22	0.123433	0.4292
10.23	0.127725	0.418182
10.24	0.131907	0.406781
10.25	0.135975	0.395006
10.26	0.139925	0.382869
10.27	0.143753	0.370379
10.28	0.147457	0.357547
10.29	0.151033	0.344385
10.3	0.154476	0.330903
10.31	0.157785	0.317114
10.32	0.160957	0.30303
10.33	0.163987	0.288662
10.34	0.166874	0.274024
10.35	0.169614	0.259129
10.36	0.172205	0.243988
10.37	0.174645	0.228617
10.38	0.176931	0.213028
10.39	0.179061	0.197234
10.4	0.181034	0.181251
10.41	0.182846	0.165091
10.42	0.184497	0.14877
10.43	0.185985	0.132301
10.44	0.187308	0.1157
10.45	0.188465	0.09898
10.46	0.189455	0.0821571
10.47	0.190276	0.0652459
10.48	0.190929	0.0482613
10.49	0.191411	0.0312185
10.5	0.191723	0.0141326
10.51	0.191865	-0.0029812
10.52	0.191835	-0.0201076
10.53	0.191634	-0.0372313
10.54	0.191262	-0.0543371
10.55	0.190718	-0.0714096
10.56	0.190004	-0.0884337
10.57	0.18912	-0.105394
10.58	0.188066	-0.122275
10.59	0.186843	-0.139063
10.6	0.185452	-0.155741
10.61	0.183895	-0.172295
10.62	0.182172	-0.18871
10.63	0.180285	-0.204971
10.64	0.178235	-0.221064
10.65	0.176025	-0.236973
10.66	0.173655	-0.252686
10.67	0.171128	-0.268187
10.68	0.168446	-0.283462
10.69	0.165612	-0.298498
10.7	0.162627	-0.313281
10.71	0.159494	-0.327798
10.72	0.156216	-0.342034
10.73	0.152795	-0.355979
10.74	0.149236	-0.369618
10.75	0.14554	-0.382939
10.76	0.14171	-0.39593
10.77	0.137751	-0.40858
10.78	0.133665	-0.420876
10.79	0.129456	-0.432807
10.8	0.125128	-0.444363
10.81	0.120685	-0.455532
10.82	0.116129	-0.466304
10.83	0.111466	-0.47667
10.84	0.1067	-0.48662
10.85	0.101833	-0.496145
10.86	0.0968719	-0.505234
10.87	0.0918195	-0.513882
10.88	0.0866807	-0.522078
10.89	0.0814599	-0.529815
10.9	0.0761618	-0.537086
10.91	0.0707909	-0.543885
10.92	0.0653521	-0.550204
10.93	0.05985	-0.556037
10.94	0.0542897	-0.56138
10.95	0.0486759	-0.566226
10.96	0.0430136	-0.570571
10.97	0.0373079	-0.57441
10.98	0.0315638	-0.57774
10.99	0.0257864	-0.580558
11	0.0199808	-0.58286
11.01	0.0141522	-0.584643
11.02	0.0083058	-0.585906
11.03	0.00244673	-0.586648
11.04	-0.00341974	-0.586866
11.05	-0.0092884	-0.586561
11.06	-0.015154	-0.585732
11.07	-0.0210113	-0.584379
11.08	-0.0268551	-0.582504
11.09	-0.0326802	-0.580106
11.1	-0.0384812	-0.577189
11.11	-0.0442531	-0.573754
11.12	-0.0499907	-0.569804
11.13	-0.0556887	-0.565342
11.14	-0.0613421	-0.560371
11.15	-0.0669458	-0.554895
11.16	-0.0724948	-0.54892
11.17	-0.077984	-0.542449
11.18	-0.0834085	-0.535487
11.19	-0.0887633	-0.528042
11.2	-0.0940438	-0.520119
11.21	-0.099245	-0.511724
11.22	-0.104362	-0.502865
11.23	-0.109391	-0.49355
11.24	-0.114326	-0.483785
11.25	-0.119164	-0.47358
11.26	-0.1239	-0.462943
11.27	-0.128529	-0.451884
11.28	-0.133048	-0.440411
11.29	-0.137452	-0.428534
11.3	-0.141738	-0.416265
11.31	-0.1459	-0.403613
11.32	-0.149937	-0.39059
11.33	-0.153842	-0.377206
11.34	-0.157614	-0.363474
11.35	-0.161249	-0.349404
11.36	-0.164743	-0.335011
11.37	-0.168093	-0.320305
11.38	-0.171296	-0.305301
11.39	-0.174349	-0.290011
11.4	-0.17725	-0.274448
11.41	-0.179994	-0.258626
11.42	-0.18258	-0.242559
11.43	-0.185006	-0.226261
11.44	-0.187268	-0.209747
11.45	-0.189366	-0.193031
11.46	-0.191296	-0.176128
11.47	-0.193058	-0.159052
11.48	-0.194648	-0.141819
11.49	-0.196066	-0.124445
11.5	-0.197311	-0.106943
11.51	-0.19838	-0.0893307
11.52	-0.199273	-0.0716227
11.53	-0.19999	-0.053835
11.54	-0.200528	-0.0359834
11.55	-0.200888	-0.0180837
11.56	-0.201069	-0.000151919
11.57	-0.20107	0.017796
11.58	-0.200892	0.0357441
11.59	-0.200535	0.0536763
11.6	-0.199998	0.0715766
11.61	-0.199282	0.089429
11.62	-0.198388	0.107217
11.63	-0.197316	0.124926
11.64	-0.196067	0.142539
11.65	-0.194641	0.160041
11.66	-0.193041	0.177415
11.67	-0.191267	0.194646
11.68	-0.18932	0.211719
11.69	-0.187203	0.228618
11.7	-0.184917	0.245329
11.71	-0.182463	0.261835
11.72	-0.179845	0.278122
11.73	-0.177064	0.294175
11.74	-0.174122	0.309981
11.75	-0.171022	0.325523
11.76	-0.167767	0.340789
11.77	-0.164359	0.355765
11.78	-0.160802	0.370436
11.79	-0.157097	0.384789
11.8	-0.153249	0.398812
11.81	-0.149261	0.412492
11.82	-0.145136	0.425815
11.83	-0.140878	0.43877
11.84	-0.13649	0.451346
11.85	-0.131977	0.463529
11.86	-0.127342	0.47531
11.87	-0.122589	0.486677
11.88	-0.117722	0.497619
11.89	-0.112746	0.508127
11.9	-0.107664	0.518191
11.91	-0.102482	0.527802
11.92	-0.0972044	0.53695
11.93	-0.0918349	0.545626
11.94	-0.0863787	0.553824
11.95	-0.0808404	0.561534
11.96	-0.0752251	0.56875
11.97	-0.0695376	0.575465
11.98	-0.0637829	0.581672
11.99	-0.0579662	0.587366
12	-0.0520925	0.59254
12.01	-0.0461671	0.59719
12.02	-0.0401952	0.601311
12.03	-0.0341821	0.604899
12.04	-0.0281332	0.60795
12.05	-0.0220537	0.610461
12.06	-0.015949	0.61243
12.07	-0.00982474	0.613853
12.08	-0.00368621	0.61473
12.09	0.00246109	0.615059
12.1	0.00861169	0.61484
12.11	0.0147601	0.614071
12.12	0.0209008	0.612754
12.13	0.0270283	0.610888
12.14	0.0331372	0.608475
12.15	0.039222	0.605517
12.16	0.0452771	0.602016
12.17	0.0512973	0.597975
12.18	0.057277	0.593396
12.19	0.063211	0.588283
12.2	0.0690938	0.582641
12.21	0.0749202	0.576473
12.22	0.080685	0.569786
12.23	0.0863828	0.562583
12.24	0.0920087	0.554873
12.25	0.0975574	0.54666
12.26	0.103024	0.537951
12.27	0.108403	0.528755
12.28	0.113691	0.519079
12.29	0.118882	0.50893
12.3	0.123971	0.498319
12.31	0.128954	0.487253
12.32	0.133827	0.475742
12.33	0.138584	0.463796
12.34	0.143222	0.451426
12.35	0.147736	0.438641
12.36	0.152123	0.425454
12.37	0.156377	0.411875
12.38	0.160496	0.397916
12.39	0.164475	0.38359
12.4	0.168311	0.368908
12.41	0.172	0.353885
12.42	0.175539	0.338531
12.43	0.178925	0.322862
12.44	0.182153	0.306891
12.45	0.185222	0.290631
12.46	0.188128	0.274098
12.47	0.190869	0.257305
12.48	0.193442	0.240268
12.49	0.195845	0.223
12.5	0.198075	0.205519
12.51	0.20013	0.187838
12.52	0.202009	0.169974
12.53	0.203708	0.151942
12.54	0.205228	0.133758
12.55	0.206565	0.115439
12.56	0.20772	0.0970006
12.57	0.20869	0.0784589
12.58	0.209474	0.0598307
12.59	0.210073	0.0411325
12.6	0.210484	0.0223808
12.61	0.210708	0.0035924
12.62	0.210744	-0.015216
12.63	0.210592	-0.0340275
12.64	0.210251	-0.0528255
12.65	0.209723	-0.0715931
12.66	0.209007	-0.0903136
12.67	0.208104	-0.10897
12.68	0.207014	-0.127546
12.69	0.205739	-0.146025
12.7	0.204279	-0.16439
12.71	0.202635	-0.182624
12.72	0.200808	-0.200712
12.73	0.198801	-0.218636
12.74	0.196615	-0.236382
12.75	0.194251	-0.253932
12.76	0.191712	-0.271272
12.77	0.188999	-0.288385
12.78	0.186115	-0.305255
12.79	0.183063	-0.321868
12.8	0.179844	-0.338209
12.81	0.176462	-0.354262
12.82	0.172919	-0.370014
12.83	0.169219	-0.385449
12.84	0.165365	-0.400554
12.85	0.161359	-0.415315
12.86	0.157206	-0.429718
12.87	0.152909	-0.443751
12.88	0.148471	-0.4574
12.89	0.143897	-0.470653
12.9	0.139191	-0.483498
12.91	0.134356	-0.495922
12.92	0.129397	-0.507915
12.93	0.124317	-0.519465
12.94	0.119123	-0.530562
12.95	0.113817	-0.541196
12.96	0.108405	-0.551355
12.97	0.102892	-0.561032
12.98	0.0972813	-0.570216
12.99	0.0915791	-0.5789
13	0.0857901	-0.587074
13.01	0.0799194	-0.594732
13.02	0.0739721	-0.601866
13.03	0.0679534	-0.608469
13.04	0.0618687	-0.614535
13.05	0.0557234	-0.620057
13.06	0.0495228	-0.625031
13.07	0.0432725	-0.629452
13.08	0.036978	-0.633314
13.09	0.0306448	-0.636615
13.1	0.0242787	-0.639351
13.11	0.0178851	-0.641518
13.12	0.01147	-0.643114
13.13	0.00503883	-0.644138
13.14	-0.00140256	-0.644588
13.15	-0.00784844	-0.644463
13.16	-0.0142931	-0.643762
13.17	-0.0207307	-0.642486
13.18	-0.0271555	-0.640636
13.19	-0.0335619	-0.638212
13.2	-0.039944	-0.635216
13.21	-0.0462962	-0.631651
13.22	-0.0526127	-0.627518
13.23	-0.0588879	-0.622822
13.24	-0.0651161	-0.617565
13.25	-0.0712917	-0.611753
13.26	-0.0774093	-0.605389
13.27	-0.0834632	-0.598479
13.28	-0.089448	-0.591029
13.29	-0.0953582	-0.583045
13.3	-0.101189	-0.574533
13.31	-0.106934	-0.5655
13.32	-0.112589	-0.555955
13.33	-0.118149	-0.545905
13.34	-0.123608	-0.535359
13.35	-0.128961	-0.524325
13.36	-0.134204	-0.512814
13.37	-0.139333	-0.500834
13.38	-0.144341	-0.488397
13.39	-0.149225	-0.475513
13.4	-0.15398	-0.462193
13.41	-0.158602	-0.448448
13.42	-0.163086	-0.434291
13.43	-0.167429	-0.419733
13.44	-0.171627	-0.404788
13.45	-0.175675	-0.389468
13.46	-0.179569	-0.373787
13.47	-0.183307	-0.357758
13.48	-0.186885	-0.341396
13.49	-0.190299	-0.324714
13.5	-0.193546	-0.307727
13.51	-0.196623	-0.290451
13.52	-0.199528	-0.2729
13.53	-0.202257	-0.255089
13.54	-0.204807	-0.237035
13.55	-0.207178	-0.218754
13.56	-0.209365	-0.20026
13.57	-0.211368	-0.181572
13.58	-0.213184	-0.162704
13.59	-0.214811	-0.143675
13.6	-0.216247	-0.1245
13.61	-0.217492	-0.105198
13.62	-0.218544	-0.0857837
13.63	-0.219402	-0.0662758
13.64	-0.220065	-0.0466913
13.65	-0.220532	-0.0270477
13.66	-0.220802	-0.0073624
13.67	-0.220876	0.012347
13.68	-0.220753	0.032063
13.69	-0.220432	0.051768
13.7	-0.219914	0.0714444
13.71	-0.2192	0.0910746
13.72	-0.218289	0.110641
13.73	-0.217183	0.130126
13.74	-0.215881	0.149512
13.75	-0.214386	0.168783
13.76	-0.212698	0.187919
13.77	-0.210819	0.206905
13.78	-0.20875	0.225724
13.79	-0.206493	0.244357
13.8	-0.204049	0.262789
13.81	-0.201422	0.281003
13.82	-0.198611	0.298983
13.83	-0.195622	0.316711
13.84	-0.192455	0.334173
13.85	-0.189113	0.351352
13.86	-0.185599	0.368233
13.87	-0.181917	0.3848
13.88	-0.178069	0.401038
13.89	-0.174059	0.416933
13.9	-0.169889	0.43247
13.91	-0.165565	0.447635
13.92	-0.161088	0.462414
13.93	-0.156464	0.476793
13.94	-0.151696	0.49076
13.95	-0.146789	0.5043
13.96	-0.141746	0.517403
13.97	-0.136571	0.530056
13.98	-0.131271	0.542246
13.99	-0.125848	0.553964
14	-0.120309	0.565198
14.01	-0.114657	0.575937
14.02	-0.108897	0.586171
14.03	-0.103036	0.595892
14.04	-0.0970769	0.605089
14.05	-0.091026	0.613754
14.06	-0.0848884	0.62188
14.07	-0.0786696	0.629457
14.08	-0.0723751	0.636479
14.09	-0.0660103	0.64294
14.1	-0.0595809	0.648832
14.11	-0.0530926	0.65415
14.12	-0.046551	0.658889
14.13	-0.0399622	0.663045
14.14	-0.0333317	0.666612
14.15	-0.0266656	0.669587
14.16	-0.0199697	0.671967
14.17	-0.01325	0.67375
14.18	-0.00651254	0.674933
14.19	0.000236787	0.675514
14.2	0.00699193	0.675493
14.21	0.0137469	0.674869
14.22	0.0204955	0.673642
14.23	0.027232	0.671812
14.24	0.0339501	0.669381
14.25	0.0406439	0.666351
14.26	0.0473074	0.662723
14.27	0.0539346	0.6585
14.28	0.0605196	0.653686
14.29	0.0670565	0.648284
14.3	0.0735393	0.642298
14.31	0.0799623	0.635734
14.32	0.0863196	0.628596
14.33	0.0926056	0.620891
14.34	0.0988145	0.612625
14.35	0.104941	0.603804
14.36	0.110979	0.594437
14.37	0.116923	0.584531
14.38	0.122768	0.574094
14.39	0.128509	0.563135
14.4	0.134141	0.551664
14.41	0.139657	0.53969
14.42	0.145054	0.527224
14.43	0.150327	0.514276
14.44	0.155469	0.500857
14.45	0.160478	0.48698
14.46	0.165348	0.472655
14.47	0.170074	0.457896
14.48	0.174653	0.442714
14.49	0.17908	0.427124
14.5	0.183352	0.411139
14.51	0.187463	0.394773
14.52	0.191411	0.378039
14.53	0.195191	0.360953
14.54	0.198801	0.34353
14.55	0.202236	0.325785
14.56	0.205494	0.307732
14.57	0.208571	0.28939
14.58	0.211465	0.270772
14.59	0.214173	0.251896
14.6	0.216692	0.232778
14.61	0.219019	0.213436
14.62	0.221154	0.193886
14.63	0.223093	0.174145
14.64	0.224834	0.154231
14.65	0.226376	0.134162
14.66	0.227718	0.113955
14.67	0.228858	0.0936278
14.68	0.229794	0.0731993
14.69	0.230526	0.0526873
14.7	0.231053	0.0321099
14.71	0.231374	0.0114855
14.72	0.231489	-0.00916756
14.73	0.231397	-0.0298309
14.74	0.231099	-0.050486
14.75	0.230594	-0.0711145
14.76	0.229883	-0.091698
14.77	0.228966	-0.112218
14.78	0.227844	-0.132656
14.79	0.226517	-0.152994
14.8	0.224987	-0.173214
14.81	0.223255	-0.193297
14.82	0.221322	-0.213225
14.83	0.21919	-0.232981
14.84	0.21686	-0.252546
14.85	0.214334	-0.271904
14.86	0.211615	-0.291036
14.87	0.208705	-0.309925
14.88	0.205606	-0.328555
14.89	0.20232	-0.346908
14.9	0.198851	-0.364967
14.91	0.195201	-0.382717
14.92	0.191374	-0.400142
14.93	0.187373	-0.417224
14.94	0.183201	-0.43395
14.95	0.178861	-0.450303
14.96	0.174358	-0.466268
14.97	0.169695	-0.481832
14.98	0.164877	-0.496979
14.99	0.159907	-0.511697
15	0.15479	-0.525971
15.01	0.149531	-0.539788
15.02	0.144133	-0.553135
15.03	0.138601	-0.566001
15.04	0.132941	-0.578373
15.05	0.127158	-0.590239
15.06	0.121255	-0.60159
15.07	0.115239	-0.612413
15.08	0.109115	-0.6227
15.09	0.102888	-0.63244
15.1	0.0965639	-0.641624
15.11	0.0901476	-0.650244
15.12	0.0836452	-0.65829
15.13	0.0770623	-0.665757
15.14	0.0704047	-0.672636
15.15	0.0636784	-0.67892
15.16	0.0568892	-0.684604
15.17	0.0500431	-0.689682
15.18	0.0431463	-0.694149
15.19	0.0362048	-0.698001
15.2	0.0292248	-0.701232
15.21	0.0222125	-0.703841
15.22	0.0151741	-0.705824
15.23	0.00811581	-0.707178
15.24	0.00104403	-0.707903
15.25	-0.006035	-0.707996
15.26	-0.013115	-0.707457
15.27	-0.0201895	-0.706287
15.28	-0.0272524	-0.704484
15.29	-0.0342972	-0.702052
15.3	-0.0413178	-0.69899
15.31	-0.0483077	-0.695302
15.32	-0.0552607	-0.69099
15.33	-0.0621706	-0.686057
15.34	-0.0690312	-0.680508
15.35	-0.0758362	-0.674346
15.36	-0.0825797	-0.667577
15.37	-0.0892555	-0.660205
15.38	-0.0958575	-0.652238
15.39	-0.10238	-0.643682
15.4	-0.108817	-0.634543
15.41	-0.115162	-0.62483
15.42	-0.12141	-0.61455
15.43	-0.127556	-0.603713
15.44	-0.133593	-0.592327
15.45	-0.139516	-0.580402
15.46	-0.14532	-0.567948
15.47	-0.151	-0.554976
15.48	-0.15655	-0.541498
15.49	-0.161965	-0.527524
15.5	-0.16724	-0.513066
15.51	-0.17237	-0.498138
15.52	-0.177352	-0.482752
15.53	-0.182179	-0.466921
15.54	-0.186849	-0.450659
15.55	-0.191355	-0.43398
15.56	-0.195695	-0.416899
15.57	-0.199864	-0.399431
15.58	-0.203858	-0.381591
15.59	-0.207674	-0.363394
15.6	-0.211308	-0.344856
15.61	-0.214757	-0.325994
15.62	-0.218017	-0.306824
15.63	-0.221085	-0.287364
15.64	-0.223959	-0.267629
15.65	-0.226635	-0.247638
15.66	-0.229111	-0.227408
15.67	-0.231385	-0.206957
15.68	-0.233455	-0.186303
15.69	-0.235318	-0.165464
15.7	-0.236972	-0.144459
15.71	-0.238417	-0.123306
15.72	-0.23965	-0.102024
15.73	-0.24067	-0.0806322
15.74	-0.241477	-0.0591493
15.75	-0.242068	-0.0375945
15.76	-0.242444	-0.0159868
15.77	-0.242604	0.00565445
15.78	-0.242547	0.02731
15.79	-0.242274	0.0489604
15.8	-0.241785	0.0705865
15.81	-0.241079	0.0921689
15.82	-0.240157	0.113688
15.83	-0.23902	0.135125
15.84	-0.237669	0.156461
15.85	-0.236104	0.177676
15.86	-0.234328	0.198751
15.87	-0.23234	0.219668
15.88	-0.230143	0.240407
15.89	-0.227739	0.260951
15.9	-0.22513	0.281279
15.91	-0.222317	0.301375
15.92	-0.219303	0.32122
15.93	-0.216091	0.340795
15.94	-0.212683	0.360084
15.95	-0.209082	0.379069
15.96	-0.205292	0.397732
15.97	-0.201314	0.416057
15.98	-0.197154	0.434027
15.99	-0.192814	0.451625
16	-0.188297	0.468836
16.01	-0.183609	0.485644
16.02	-0.178752	0.502034
16.03	-0.173732	0.51799
16.04	-0.168552	0.533498
16.05	-0.163217	0.548543
16.06	-0.157732	0.563112
16.07	-0.152101	0.577192
16.08	-0.146329	0.590769
16.09	-0.140421	0.60383
16.1	-0.134383	0.616365
16.11	-0.128219	0.62836
16.12	-0.121936	0.639805
16.13	-0.115537	0.65069
16.14	-0.109031	0.661003
16.15	-0.102421	0.670735
16.16	-0.0957132	0.679878
16.17	-0.0889144	0.688421
16.18	-0.0820302	0.696358
16.19	-0.0750666	0.70368
16.2	-0.0680298	0.710381
16.21	-0.060926	0.716453
16.22	-0.0537615	0.721892
16.23	-0.0465426	0.726691
16.24	-0.0392757	0.730845
16.25	-0.0319672	0.734351
16.26	-0.0246237	0.737205
16.27	-0.0172517	0.739403
16.28	-0.00985763	0.740943
16.29	-0.0024482	0.741822
16.3	0.00497002	0.742041
16.31	0.0123904	0.741597
16.32	0.0198064	0.740491
16.33	0.0272113	0.738723
16.34	0.0345986	0.736294
16.35	0.0419615	0.733206
16.36	0.0492936	0.72946
16.37	0.0565882	0.72506
16.38	0.0638388	0.720009
